0.001	 	 	1.006
0.002	 	 	0.778
0.003	 	 	0.915
0.004	 	 	0.935
0.005	 	 	0.93
0.006	 	 	0.945
0.007	 	 	0.924
0.008	 	 	0.9
0.009	 	 	0.913
0.01	 	 	0.89
0.011	 	 	0.901
0.012	 	 	0.903
0.013	 	 	0.904
0.014	 	 	0.911
0.015	 	 	0.892
0.016	 	 	0.956
0.017	 	 	0.906
0.018	 	 	0.969
0.019	 	 	0.872
0.02	 	 	0.947
0.021	 	 	0.909
0.022	 	 	0.961
0.023	 	 	0.89
0.024	 	 	0.956
0.025	 	 	0.905
0.026	 	 	0.943
0.027	 	 	0.867
0.028	 	 	0.891
0.029	 	 	0.903
0.03	 	 	0.936
0.031	 	 	0.907
0.032	 	 	0.961
0.033	 	 	0.903
0.034	 	 	0.931
0.035	 	 	0.907
0.036	 	 	0.942
0.037	 	 	0.897
0.038	 	 	0.906
0.039	 	 	0.918
0.04	 	 	0.871
0.041	 	 	0.945
0.042	 	 	0.914
0.043	 	 	0.867
0.044	 	 	0.907
0.045	 	 	0.884
0.046	 	 	0.902
0.047	 	 	0.95
0.048	 	 	0.869
0.049	 	 	0.953
0.05	 	 	0.9
0.051	 	 	0.96
0.052	 	 	0.852
0.053	 	 	0.949
0.054	 	 	0.965
0.055	 	 	0.884
0.056	 	 	0.956
0.057	 	 	0.882
0.058	 	 	0.933
0.059	 	 	0.883
0.06	 	 	0.881
0.061	 	 	0.91
0.062	 	 	0.899
0.063	 	 	0.937
0.064	 	 	0.949
0.065	 	 	0.942
0.066	 	 	0.915
0.067	 	 	0.96
0.068	 	 	0.856
0.069	 	 	0.821
0.07	 	 	0.82
0.071	 	 	0.85
0.072	 	 	0.773
0.073	 	 	0.93
0.074	 	 	0.906
0.075	 	 	0.888
0.076	 	 	0.915
0.077	 	 	0.943
0.078	 	 	0.955
0.079	 	 	0.946
0.08	 	 	0.955
0.081	 	 	0.954
0.082	 	 	0.951
0.083	 	 	0.959
0.084	 	 	0.949
0.085	 	 	0.953
0.086	 	 	0.957
0.087	 	 	0.955
0.088	 	 	0.958
0.089	 	 	0.962
0.09	 	 	0.936
0.091	 	 	0.956
0.092	 	 	0.908
0.093	 	 	0.932
0.094	 	 	0.924
0.095	 	 	0.904
0.096	 	 	0.9
0.097	 	 	0.938
0.098	 	 	0.905
0.099	 	 	0.9
0.1	 	 	0.886
0.101	 	 	0.907
0.102	 	 	0.931
0.103	 	 	0.878
0.104	 	 	0.885
0.105	 	 	0.923
0.106	 	 	0.937
0.107	 	 	0.953
0.108	 	 	0.878
0.109	 	 	0.938
0.11	 	 	0.915
0.111	 	 	0.956
0.112	 	 	0.951
0.113	 	 	0.943
0.114	 	 	0.948
0.115	 	 	0.954
0.116	 	 	0.949
0.117	 	 	0.972
0.118	 	 	0.886
0.119	 	 	0.945
0.12	 	 	0.952
0.121	 	 	0.953
0.122	 	 	0.955
0.123	 	 	0.956
0.124	 	 	0.955
0.125	 	 	0.953
0.126	 	 	0.957
0.127	 	 	0.962
0.128	 	 	0.949
0.129	 	 	0.959
0.13	 	 	0.936
0.131	 	 	0.948
0.132	 	 	0.897
0.133	 	 	0.945
0.134	 	 	0.907
0.135	 	 	0.955
0.136	 	 	0.931
0.137	 	 	0.931
0.138	 	 	0.956
0.139	 	 	0.954
0.14	 	 	0.957
0.141	 	 	0.957
0.142	 	 	0.953
0.143	 	 	0.958
0.144	 	 	0.954
0.145	 	 	0.954
0.146	 	 	0.957
0.147	 	 	0.94
0.148	 	 	0.97
0.149	 	 	0.887
0.15	 	 	0.947
0.151	 	 	0.956
0.152	 	 	0.962
0.153	 	 	0.931
0.154	 	 	0.923
0.155	 	 	0.901
0.156	 	 	0.915
0.157	 	 	0.92
0.158	 	 	0.931
0.159	 	 	0.945
0.16	 	 	0.943
0.161	 	 	0.994
0.162	 	 	0.863
0.163	 	 	0.805
0.164	 	 	0.933
0.165	 	 	0.953
0.166	 	 	0.938
0.167	 	 	0.934
0.168	 	 	0.938
0.169	 	 	0.928
0.17	 	 	0.918
0.171	 	 	0.874
0.172	 	 	0.949
0.173	 	 	0.998
0.174	 	 	0.788
0.175	 	 	0.942
0.176	 	 	0.952
0.177	 	 	0.782
0.178	 	 	0.923
0.179	 	 	0.99
0.18	 	 	0.685
0.181	 	 	0.973
0.182	 	 	0.79
0.183	 	 	0.947
0.184	 	 	0.884
0.185	 	 	0.941
0.186	 	 	0.946
0.187	 	 	0.957
0.188	 	 	0.931
0.189	 	 	0.939
0.19	 	 	0.939
0.191	 	 	0.942
0.192	 	 	0.912
0.193	 	 	0.837
0.194	 	 	0.892
0.195	 	 	0.83
0.196	 	 	0.794
0.197	 	 	0.922
0.198	 	 	0.819
0.199	 	 	0.819
0.2	 	 	0.933
0.201	 	 	0.955
0.202	 	 	0.939
0.203	 	 	0.932
0.204	 	 	0.939
0.205	 	 	0.924
0.206	 	 	0.918
0.207	 	 	0.845
0.208	 	 	0.902
0.209	 	 	0.883
0.21	 	 	0.94
0.211	 	 	0.887
0.212	 	 	0.905
0.213	 	 	0.964
0.214	 	 	0.89
0.215	 	 	0.951
0.216	 	 	0.956
0.217	 	 	0.95
0.218	 	 	0.959
0.219	 	 	0.954
0.22	 	 	0.95
0.221	 	 	0.955
0.222	 	 	0.916
0.223	 	 	0.901
0.224	 	 	0.887
0.225	 	 	0.913
0.226	 	 	0.894
0.227	 	 	0.919
0.228	 	 	0.863
0.229	 	 	0.932
0.23	 	 	0.888
0.231	 	 	0.903
0.232	 	 	0.873
0.233	 	 	0.921
0.234	 	 	0.903
0.235	 	 	0.87
0.236	 	 	0.932
0.237	 	 	0.957
0.238	 	 	0.94
0.239	 	 	0.928
0.24	 	 	0.939
0.241	 	 	0.925
0.242	 	 	0.923
0.243	 	 	0.896
0.244	 	 	0.942
0.245	 	 	0.89
0.246	 	 	0.932
0.247	 	 	0.949
0.248	 	 	0.9
0.249	 	 	0.947
0.25	 	 	0.947
0.251	 	 	0.955
0.252	 	 	0.949
0.253	 	 	0.95
0.254	 	 	0.946
0.255	 	 	0.997
0.256	 	 	0.77
0.257	 	 	0.971
0.258	 	 	0.788
0.259	 	 	0.921
0.26	 	 	0.902
0.261	 	 	0.681
0.262	 	 	0.922
0.263	 	 	0.921
0.264	 	 	0.938
0.265	 	 	0.943
0.266	 	 	0.955
0.267	 	 	0.721
0.268	 	 	0.906
0.269	 	 	0.822
0.27	 	 	0.88
0.271	 	 	0.782
0.272	 	 	0.938
0.273	 	 	0.956
0.274	 	 	0.938
0.275	 	 	0.939
0.276	 	 	0.963
0.277	 	 	0.82
0.278	 	 	0.957
0.279	 	 	0.798
0.28	 	 	0.945
0.281	 	 	0.882
0.282	 	 	0.949
0.283	 	 	0.827
0.284	 	 	0.911
0.285	 	 	0.971
0.286	 	 	0.856
0.287	 	 	0.938
0.288	 	 	0.953
0.289	 	 	0.953
0.29	 	 	0.954
0.291	 	 	0.958
0.292	 	 	0.955
0.293	 	 	0.945
0.294	 	 	0.954
0.295	 	 	0.952
0.296	 	 	0.849
0.297	 	 	0.923
0.298	 	 	0.9
0.299	 	 	0.86
0.3	 	 	0.898
0.301	 	 	0.907
0.302	 	 	0.904
0.303	 	 	0.898
0.304	 	 	0.88
0.305	 	 	0.907
0.306	 	 	0.907
0.307	 	 	0.909
0.308	 	 	0.877
0.309	 	 	0.927
0.31	 	 	0.951
0.311	 	 	0.945
0.312	 	 	0.908
0.313	 	 	0.935
0.314	 	 	0.921
0.315	 	 	0.897
0.316	 	 	0.917
0.317	 	 	0.921
0.318	 	 	0.89
0.319	 	 	0.931
0.32	 	 	0.889
0.321	 	 	0.939
0.322	 	 	0.949
0.323	 	 	0.956
0.324	 	 	0.947
0.325	 	 	0.959
0.326	 	 	0.954
0.327	 	 	0.949
0.328	 	 	1.006
0.329	 	 	0.705
0.33	 	 	0.98
0.331	 	 	0.69
0.332	 	 	0.916
0.333	 	 	0.966
0.334	 	 	0.779
0.335	 	 	0.911
0.336	 	 	0.931
0.337	 	 	0.923
0.338	 	 	0.932
0.339	 	 	0.997
0.34	 	 	0.7
0.341	 	 	0.942
0.342	 	 	0.84
0.343	 	 	0.819
0.344	 	 	0.875
0.345	 	 	0.813
0.346	 	 	0.932
0.347	 	 	0.944
0.348	 	 	0.949
0.349	 	 	0.953
0.35	 	 	0.989
0.351	 	 	0.779
0.352	 	 	0.957
0.353	 	 	0.913
0.354	 	 	0.967
0.355	 	 	0.89
0.356	 	 	0.953
0.357	 	 	0.933
0.358	 	 	0.871
0.359	 	 	0.95
0.36	 	 	0.955
0.361	 	 	0.915
0.362	 	 	0.945
0.363	 	 	0.956
0.364	 	 	0.956
0.365	 	 	0.906
0.366	 	 	0.972
0.367	 	 	0.881
0.368	 	 	0.896
0.369	 	 	0.941
0.37	 	 	0.896
0.371	 	 	0.939
0.372	 	 	0.942
0.373	 	 	0.902
0.374	 	 	0.948
0.375	 	 	0.898
0.376	 	 	0.937
0.377	 	 	0.914
0.378	 	 	0.953
0.379	 	 	0.851
0.38	 	 	0.938
0.381	 	 	0.929
0.382	 	 	0.911
0.383	 	 	0.9
0.384	 	 	0.876
0.385	 	 	0.909
0.386	 	 	0.911
0.387	 	 	0.926
0.388	 	 	0.9
0.389	 	 	0.926
0.39	 	 	0.921
0.391	 	 	0.928
0.392	 	 	0.947
0.393	 	 	0.943
0.394	 	 	0.958
0.395	 	 	0.949
0.396	 	 	0.955
0.397	 	 	0.94
0.398	 	 	0.941
0.399	 	 	0.932
0.4	 	 	0.959
0.401	 	 	0.713
0.402	 	 	0.934
0.403	 	 	0.923
0.404	 	 	0.716
0.405	 	 	0.824
0.406	 	 	0.933
0.407	 	 	0.83
0.408	 	 	0.897
0.409	 	 	0.955
0.41	 	 	0.943
0.411	 	 	0.957
0.412	 	 	0.945
0.413	 	 	0.974
0.414	 	 	0.851
0.415	 	 	0.978
0.416	 	 	0.712
0.417	 	 	0.981
0.418	 	 	0.786
0.419	 	 	0.944
0.42	 	 	0.949
0.421	 	 	0.8
0.422	 	 	0.845
0.423	 	 	0.936
0.424	 	 	0.783
0.425	 	 	0.951
0.426	 	 	0.88
0.427	 	 	0.9
0.428	 	 	0.875
0.429	 	 	0.921
0.43	 	 	0.952
0.431	 	 	0.955
0.432	 	 	0.938
0.433	 	 	0.955
0.434	 	 	0.918
0.435	 	 	0.949
0.436	 	 	0.951
0.437	 	 	0.966
0.438	 	 	0.911
0.439	 	 	0.939
0.44	 	 	0.832
0.441	 	 	0.922
0.442	 	 	0.926
0.443	 	 	0.857
0.444	 	 	0.942
0.445	 	 	0.963
0.446	 	 	0.895
0.447	 	 	0.923
0.448	 	 	0.959
0.449	 	 	0.906
0.45	 	 	0.944
0.451	 	 	0.906
0.452	 	 	0.881
0.453	 	 	0.946
0.454	 	 	0.898
0.455	 	 	0.91
0.456	 	 	0.87
0.457	 	 	0.907
0.458	 	 	0.923
0.459	 	 	0.874
0.46	 	 	0.91
0.461	 	 	0.93
0.462	 	 	0.921
0.463	 	 	0.924
0.464	 	 	0.939
0.465	 	 	0.943
0.466	 	 	0.95
0.467	 	 	0.952
0.468	 	 	1.012
0.469	 	 	0.705
0.47	 	 	0.933
0.471	 	 	0.944
0.472	 	 	0.93
0.473	 	 	0.945
0.474	 	 	0.923
0.475	 	 	0.908
0.476	 	 	0.713
0.477	 	 	0.857
0.478	 	 	0.92
0.479	 	 	0.778
0.48	 	 	0.948
0.481	 	 	0.938
0.482	 	 	0.956
0.483	 	 	0.943
0.484	 	 	0.969
0.485	 	 	0.889
0.486	 	 	0.96
0.487	 	 	0.858
0.488	 	 	0.718
0.489	 	 	0.935
0.49	 	 	0.989
0.491	 	 	0.717
0.492	 	 	0.978
0.493	 	 	0.776
0.494	 	 	0.955
0.495	 	 	0.918
0.496	 	 	0.781
0.497	 	 	0.953
0.498	 	 	0.865
0.499	 	 	0.921
0.5	 	 	0.873
0.501	 	 	0.912
0.502	 	 	0.939
0.503	 	 	0.951
0.504	 	 	0.958
0.505	 	 	0.944
0.506	 	 	0.954
0.507	 	 	0.91
0.508	 	 	0.944
0.509	 	 	0.914
0.51	 	 	0.951
0.511	 	 	0.945
0.512	 	 	0.874
0.513	 	 	0.927
0.514	 	 	0.911
0.515	 	 	0.912
0.516	 	 	0.85
0.517	 	 	0.905
0.518	 	 	0.955
0.519	 	 	0.887
0.52	 	 	0.954
0.521	 	 	0.839
0.522	 	 	0.926
0.523	 	 	0.951
0.524	 	 	0.89
0.525	 	 	0.939
0.526	 	 	0.894
0.527	 	 	0.92
0.528	 	 	0.953
0.529	 	 	0.905
0.53	 	 	0.93
0.531	 	 	0.935
0.532	 	 	0.894
0.533	 	 	0.893
0.534	 	 	0.931
0.535	 	 	0.927
0.536	 	 	0.893
0.537	 	 	0.938
0.538	 	 	0.945
0.539	 	 	0.965
0.54	 	 	0.863
0.541	 	 	0.789
0.542	 	 	0.934
0.543	 	 	0.953
0.544	 	 	0.947
0.545	 	 	0.942
0.546	 	 	0.953
0.547	 	 	0.853
0.548	 	 	0.709
0.549	 	 	0.925
0.55	 	 	0.931
0.551	 	 	0.828
0.552	 	 	0.939
0.553	 	 	0.908
0.554	 	 	0.931
0.555	 	 	0.944
0.556	 	 	0.908
0.557	 	 	1.012
0.558	 	 	0.726
0.559	 	 	0.943
0.56	 	 	0.984
0.561	 	 	0.823
0.562	 	 	0.946
0.563	 	 	0.784
0.564	 	 	0.984
0.565	 	 	0.783
0.566	 	 	0.938
0.567	 	 	0.943
0.568	 	 	0.94
0.569	 	 	0.885
0.57	 	 	0.919
0.571	 	 	0.893
0.572	 	 	0.894
0.573	 	 	0.895
0.574	 	 	0.941
0.575	 	 	0.946
0.576	 	 	0.954
0.577	 	 	0.964
0.578	 	 	0.913
0.579	 	 	0.893
0.58	 	 	0.904
0.581	 	 	0.948
0.582	 	 	0.941
0.583	 	 	0.928
0.584	 	 	0.941
0.585	 	 	0.928
0.586	 	 	0.888
0.587	 	 	0.886
0.588	 	 	0.9
0.589	 	 	0.898
0.59	 	 	0.912
0.591	 	 	0.904
0.592	 	 	0.94
0.593	 	 	0.911
0.594	 	 	0.959
0.595	 	 	0.879
0.596	 	 	0.936
0.597	 	 	0.948
0.598	 	 	0.908
0.599	 	 	0.941
0.6	 	 	0.891
0.601	 	 	0.934
0.602	 	 	0.95
0.603	 	 	0.903
0.604	 	 	0.942
0.605	 	 	0.894
0.606	 	 	0.928
0.607	 	 	0.911
0.608	 	 	0.894
0.609	 	 	0.938
0.61	 	 	0.945
0.611	 	 	1.004
0.612	 	 	0.693
0.613	 	 	0.945
0.614	 	 	0.751
0.615	 	 	0.815
0.616	 	 	0.931
0.617	 	 	0.946
0.618	 	 	0.949
0.619	 	 	0.957
0.62	 	 	0.991
0.621	 	 	0.781
0.622	 	 	0.948
0.623	 	 	0.943
0.624	 	 	0.961
0.625	 	 	0.949
0.626	 	 	0.934
0.627	 	 	1
0.628	 	 	0.694
0.629	 	 	0.947
0.63	 	 	0.965
0.631	 	 	0.791
0.632	 	 	0.978
0.633	 	 	0.786
0.634	 	 	0.974
0.635	 	 	0.711
0.636	 	 	0.918
0.637	 	 	0.878
0.638	 	 	0.941
0.639	 	 	0.865
0.64	 	 	0.897
0.641	 	 	0.88
0.642	 	 	0.966
0.643	 	 	0.877
0.644	 	 	0.96
0.645	 	 	0.935
0.646	 	 	0.948
0.647	 	 	0.956
0.648	 	 	0.959
0.649	 	 	0.95
0.65	 	 	0.951
0.651	 	 	0.962
0.652	 	 	0.915
0.653	 	 	0.897
0.654	 	 	0.905
0.655	 	 	0.876
0.656	 	 	0.861
0.657	 	 	0.92
0.658	 	 	0.882
0.659	 	 	0.902
0.66	 	 	0.861
0.661	 	 	0.917
0.662	 	 	0.895
0.663	 	 	0.913
0.664	 	 	0.87
0.665	 	 	0.905
0.666	 	 	0.92
0.667	 	 	0.938
0.668	 	 	0.957
0.669	 	 	0.938
0.67	 	 	0.961
0.671	 	 	0.92
0.672	 	 	0.943
0.673	 	 	0.934
0.674	 	 	0.904
0.675	 	 	0.944
0.676	 	 	0.847
0.677	 	 	0.929
0.678	 	 	0.939
0.679	 	 	0.941
0.68	 	 	0.954
0.681	 	 	0.944
0.682	 	 	0.952
0.683	 	 	0.956
0.684	 	 	0.952
0.685	 	 	1.007
0.686	 	 	0.712
0.687	 	 	0.974
0.688	 	 	0.698
0.689	 	 	0.929
0.69	 	 	0.987
0.691	 	 	0.778
0.692	 	 	0.892
0.693	 	 	0.923
0.694	 	 	0.92
0.695	 	 	0.937
0.696	 	 	0.967
0.697	 	 	0.847
0.698	 	 	0.859
0.699	 	 	0.733
0.7	 	 	0.898
0.701	 	 	0.809
0.702	 	 	0.841
0.703	 	 	0.938
0.704	 	 	0.953
0.705	 	 	0.937
0.706	 	 	0.956
0.707	 	 	0.814
0.708	 	 	0.914
0.709	 	 	0.826
0.71	 	 	0.956
0.711	 	 	0.908
0.712	 	 	0.915
0.713	 	 	0.89
0.714	 	 	0.943
0.715	 	 	0.835
0.716	 	 	0.896
0.717	 	 	0.932
0.718	 	 	0.955
0.719	 	 	0.951
0.72	 	 	0.959
0.721	 	 	0.951
0.722	 	 	0.957
0.723	 	 	0.966
0.724	 	 	0.859
0.725	 	 	0.935
0.726	 	 	0.96
0.727	 	 	0.902
0.728	 	 	0.896
0.729	 	 	0.913
0.73	 	 	0.896
0.731	 	 	0.881
0.732	 	 	0.899
0.733	 	 	0.906
0.734	 	 	0.907
0.735	 	 	0.887
0.736	 	 	0.881
0.737	 	 	0.919
0.738	 	 	0.89
0.739	 	 	0.921
0.74	 	 	0.893
0.741	 	 	0.931
0.742	 	 	0.929
0.743	 	 	0.936
0.744	 	 	0.959
0.745	 	 	0.939
0.746	 	 	0.933
0.747	 	 	0.938
0.748	 	 	0.936
0.749	 	 	0.926
0.75	 	 	0.92
0.751	 	 	0.938
0.752	 	 	0.892
0.753	 	 	0.937
0.754	 	 	0.954
0.755	 	 	0.952
0.756	 	 	1.007
0.757	 	 	0.717
0.758	 	 	0.987
0.759	 	 	0.783
0.76	 	 	0.938
0.761	 	 	0.803
0.762	 	 	0.954
0.763	 	 	0.836
0.764	 	 	0.945
0.765	 	 	0.947
0.766	 	 	0.938
0.767	 	 	0.925
0.768	 	 	0.868
0.769	 	 	0.97
0.77	 	 	0.828
0.771	 	 	0.819
0.772	 	 	0.822
0.773	 	 	0.85
0.774	 	 	0.815
0.775	 	 	0.86
0.776	 	 	0.881
0.777	 	 	0.921
0.778	 	 	0.885
0.779	 	 	0.895
0.78	 	 	0.951
0.781	 	 	0.855
0.782	 	 	0.973
0.783	 	 	0.899
0.784	 	 	0.863
0.785	 	 	0.899
0.786	 	 	0.888
0.787	 	 	0.904
0.788	 	 	0.872
0.789	 	 	0.902
0.79	 	 	0.885
0.791	 	 	0.911
0.792	 	 	0.873
0.793	 	 	0.925
0.794	 	 	0.934
0.795	 	 	0.907
0.796	 	 	0.932
0.797	 	 	0.925
0.798	 	 	0.948
0.799	 	 	0.997
0.8	 	 	0.72
0.801	 	 	0.859
0.802	 	 	0.846
0.803	 	 	0.786
0.804	 	 	0.859
0.805	 	 	0.933
0.806	 	 	0.953
0.807	 	 	0.939
0.808	 	 	0.934
0.809	 	 	0.953
0.81	 	 	0.954
0.811	 	 	0.95
0.812	 	 	0.95
0.813	 	 	0.918
0.814	 	 	0.946
0.815	 	 	0.915
0.816	 	 	0.927
0.817	 	 	0.819
0.818	 	 	0.843
0.819	 	 	0.824
0.82	 	 	0.798
0.821	 	 	0.843
0.822	 	 	0.823
0.823	 	 	0.898
0.824	 	 	0.885
0.825	 	 	0.915
0.826	 	 	0.899
0.827	 	 	0.943
0.828	 	 	0.955
0.829	 	 	0.958
0.83	 	 	0.965
0.831	 	 	0.866
0.832	 	 	0.877
0.833	 	 	0.907
0.834	 	 	0.9
0.835	 	 	0.897
0.836	 	 	0.884
0.837	 	 	0.913
0.838	 	 	0.904
0.839	 	 	0.903
0.84	 	 	0.885
0.841	 	 	0.926
0.842	 	 	0.931
0.843	 	 	0.9
0.844	 	 	0.934
0.845	 	 	0.945
0.846	 	 	0.944
0.847	 	 	1.013
0.848	 	 	0.692
0.849	 	 	0.904
0.85	 	 	0.815
0.851	 	 	0.791
0.852	 	 	0.932
0.853	 	 	0.944
0.854	 	 	0.979
0.855	 	 	0.878
0.856	 	 	0.732
0.857	 	 	0.889
0.858	 	 	0.829
0.859	 	 	0.744
0.86	 	 	0.808
0.861	 	 	0.88
0.862	 	 	0.916
0.863	 	 	0.905
0.864	 	 	0.877
0.865	 	 	0.925
0.866	 	 	0.953
0.867	 	 	0.96
0.868	 	 	0.968
0.869	 	 	0.895
0.87	 	 	0.899
0.871	 	 	0.901
0.872	 	 	0.88
0.873	 	 	0.904
0.874	 	 	0.909
0.875	 	 	0.862
0.876	 	 	0.898
0.877	 	 	0.912
0.878	 	 	0.887
0.879	 	 	0.927
0.88	 	 	0.903
0.881	 	 	0.931
0.882	 	 	0.926
0.883	 	 	0.94
0.884	 	 	0.951
0.885	 	 	1.006
0.886	 	 	0.743
0.887	 	 	0.849
0.888	 	 	0.739
0.889	 	 	0.809
0.89	 	 	0.918
0.891	 	 	0.94
0.892	 	 	0.949
0.893	 	 	0.946
0.894	 	 	0.881
0.895	 	 	0.822
0.896	 	 	0.79
0.897	 	 	0.88
0.898	 	 	0.803
0.899	 	 	0.898
0.9	 	 	0.887
0.901	 	 	0.911
0.902	 	 	0.914
0.903	 	 	0.934
0.904	 	 	0.954
0.905	 	 	0.959
0.906	 	 	0.955
0.907	 	 	0.849
0.908	 	 	0.9
0.909	 	 	0.893
0.91	 	 	0.883
0.911	 	 	0.911
0.912	 	 	0.866
0.913	 	 	0.908
0.914	 	 	0.891
0.915	 	 	0.914
0.916	 	 	0.871
0.917	 	 	0.933
0.918	 	 	0.934
0.919	 	 	0.926
0.92	 	 	0.9
0.921	 	 	0.941
0.922	 	 	0.95
0.923	 	 	1.007
0.924	 	 	0.713
0.925	 	 	0.859
0.926	 	 	0.805
0.927	 	 	0.816
0.928	 	 	0.888
0.929	 	 	0.939
0.93	 	 	0.966
0.931	 	 	0.895
0.932	 	 	0.804
0.933	 	 	0.849
0.934	 	 	0.84
0.935	 	 	0.833
0.936	 	 	0.731
0.937	 	 	0.903
0.938	 	 	0.897
0.939	 	 	0.884
0.94	 	 	0.899
0.941	 	 	0.911
0.942	 	 	0.953
0.943	 	 	0.955
0.944	 	 	0.973
0.945	 	 	0.892
0.946	 	 	0.9
0.947	 	 	0.899
0.948	 	 	0.862
0.949	 	 	0.907
0.95	 	 	0.911
0.951	 	 	0.884
0.952	 	 	0.876
0.953	 	 	0.907
0.954	 	 	0.905
0.955	 	 	0.901
0.956	 	 	0.913
0.957	 	 	0.93
0.958	 	 	0.928
0.959	 	 	0.935
0.96	 	 	0.952
0.961	 	 	0.993
0.962	 	 	0.819
0.963	 	 	0.826
0.964	 	 	0.736
0.965	 	 	0.813
0.966	 	 	0.906
0.967	 	 	0.941
0.968	 	 	0.941
0.969	 	 	0.915
0.97	 	 	0.932
0.971	 	 	0.915
0.972	 	 	0.906
0.973	 	 	0.926
0.974	 	 	0.926
0.975	 	 	0.906
0.976	 	 	0.934
0.977	 	 	0.916
0.978	 	 	0.923
0.979	 	 	0.936
0.98	 	 	0.88
0.981	 	 	0.926
0.982	 	 	0.968
0.983	 	 	0.758
0.984	 	 	0.807
0.985	 	 	0.854
0.986	 	 	0.819
0.987	 	 	0.817
0.988	 	 	0.8
0.989	 	 	0.884
0.99	 	 	0.916
0.991	 	 	0.904
0.992	 	 	0.887
0.993	 	 	0.924
0.994	 	 	0.953
0.995	 	 	0.883
0.996	 	 	0.894
0.997	 	 	0.916
0.998	 	 	0.902
0.999	 	 	0.931
1	 	 	0.874
1.001	 	 	0.94
1.002	 	 	0.921
1.003	 	 	0.912
1.004	 	 	0.875
1.005	 	 	0.891
1.006	 	 	0.934
1.007	 	 	0.953
1.008	 	 	0.961
1.009	 	 	0.938
1.01	 	 	0.881
1.011	 	 	0.911
1.012	 	 	0.871
1.013	 	 	0.915
1.014	 	 	0.9
1.015	 	 	0.909
1.016	 	 	0.858
1.017	 	 	0.925
1.018	 	 	0.9
1.019	 	 	0.875
1.02	 	 	0.932
1.021	 	 	0.93
1.022	 	 	0.932
1.023	 	 	0.932
1.024	 	 	0.938
1.025	 	 	0.945
1.026	 	 	0.976
1.027	 	 	0.864
1.028	 	 	0.724
1.029	 	 	0.844
1.03	 	 	0.813
1.031	 	 	0.935
1.032	 	 	0.947
1.033	 	 	1.001
1.034	 	 	0.821
1.035	 	 	0.75
1.036	 	 	0.815
1.037	 	 	0.864
1.038	 	 	0.833
1.039	 	 	0.806
1.04	 	 	0.86
1.041	 	 	0.839
1.042	 	 	0.928
1.043	 	 	0.9
1.044	 	 	0.936
1.045	 	 	0.955
1.046	 	 	0.957
1.047	 	 	0.973
1.048	 	 	0.838
1.049	 	 	0.913
1.05	 	 	0.891
1.051	 	 	0.858
1.052	 	 	0.901
1.053	 	 	0.893
1.054	 	 	0.901
1.055	 	 	0.889
1.056	 	 	0.88
1.057	 	 	0.905
1.058	 	 	0.927
1.059	 	 	0.929
1.06	 	 	0.93
1.061	 	 	0.935
1.062	 	 	0.936
1.063	 	 	0.95
1.064	 	 	1.006
1.065	 	 	0.747
1.066	 	 	0.821
1.067	 	 	0.799
1.068	 	 	0.782
1.069	 	 	0.92
1.07	 	 	0.946
1.071	 	 	0.949
1.072	 	 	0.978
1.073	 	 	0.823
1.074	 	 	0.834
1.075	 	 	0.834
1.076	 	 	0.784
1.077	 	 	0.887
1.078	 	 	0.802
1.079	 	 	0.918
1.08	 	 	0.885
1.081	 	 	0.913
1.082	 	 	0.924
1.083	 	 	0.955
1.084	 	 	0.956
1.085	 	 	0.976
1.086	 	 	0.881
1.087	 	 	0.91
1.088	 	 	0.861
1.089	 	 	0.908
1.09	 	 	0.903
1.091	 	 	0.896
1.092	 	 	0.888
1.093	 	 	0.902
1.094	 	 	0.929
1.095	 	 	0.896
1.096	 	 	0.901
1.097	 	 	0.929
1.098	 	 	0.929
1.099	 	 	0.899
1.1	 	 	0.941
1.101	 	 	0.946
1.102	 	 	1.004
1.103	 	 	0.752
1.104	 	 	0.743
1.105	 	 	0.844
1.106	 	 	0.788
1.107	 	 	0.92
1.108	 	 	0.948
1.109	 	 	0.942
1.11	 	 	0.969
1.111	 	 	0.845
1.112	 	 	0.804
1.113	 	 	0.853
1.114	 	 	0.833
1.115	 	 	0.724
1.116	 	 	0.864
1.117	 	 	0.912
1.118	 	 	0.906
1.119	 	 	0.909
1.12	 	 	0.881
1.121	 	 	0.953
1.122	 	 	0.956
1.123	 	 	0.972
1.124	 	 	0.885
1.125	 	 	0.909
1.126	 	 	0.895
1.127	 	 	0.908
1.128	 	 	0.87
1.129	 	 	0.915
1.13	 	 	0.903
1.131	 	 	0.854
1.132	 	 	0.908
1.133	 	 	0.896
1.134	 	 	0.92
1.135	 	 	0.927
1.136	 	 	0.93
1.137	 	 	0.932
1.138	 	 	0.933
1.139	 	 	0.945
1.14	 	 	0.999
1.141	 	 	0.81
1.142	 	 	0.846
1.143	 	 	0.793
1.144	 	 	0.829
1.145	 	 	0.885
1.146	 	 	0.929
1.147	 	 	0.946
1.148	 	 	0.995
1.149	 	 	0.807
1.15	 	 	0.84
1.151	 	 	0.816
1.152	 	 	0.814
1.153	 	 	0.85
1.154	 	 	0.806
1.155	 	 	0.913
1.156	 	 	0.88
1.157	 	 	0.926
1.158	 	 	0.893
1.159	 	 	0.952
1.16	 	 	0.957
1.161	 	 	0.963
1.162	 	 	0.946
1.163	 	 	0.846
1.164	 	 	0.9
1.165	 	 	0.911
1.166	 	 	0.883
1.167	 	 	0.91
1.168	 	 	0.865
1.169	 	 	0.905
1.17	 	 	0.912
1.171	 	 	0.896
1.172	 	 	0.891
1.173	 	 	0.928
1.174	 	 	0.932
1.175	 	 	0.927
1.176	 	 	0.931
1.177	 	 	0.95
1.178	 	 	0.999
1.179	 	 	0.729
1.18	 	 	0.814
1.181	 	 	20.333
1.182	 	 	0.109
1.183	 	 	0.092
1.184	 	 	0.09
1.185	 	 	0.089
1.186	 	 	0.108
1.187	 	 	0.09
1.188	 	 	0.089
1.189	 	 	0.089
1.19	 	 	0.088
1.191	 	 	0.089
1.192	 	 	0.089
1.193	 	 	0.088
1.194	 	 	0.101
1.195	 	 	0.089
1.196	 	 	0.088
1.197	 	 	0.088
1.198	 	 	0.088
1.199	 	 	0.088
1.2	 	 	0.088
1.201	 	 	0.094
1.202	 	 	0.102
1.203	 	 	0.092
1.204	 	 	0.508
1.205	 	 	0.965
1.206	 	 	0.953
1.207	 	 	0.958
1.208	 	 	0.952
1.209	 	 	0.96
1.21	 	 	0.902
1.211	 	 	0.896
1.212	 	 	0.902
1.213	 	 	0.945
1.214	 	 	0.902
1.215	 	 	0.934
1.216	 	 	0.886
1.217	 	 	0.943
1.218	 	 	0.966
1.219	 	 	0.889
1.22	 	 	0.943
1.221	 	 	0.905
1.222	 	 	0.93
1.223	 	 	0.95
1.224	 	 	0.891
1.225	 	 	0.949
1.226	 	 	0.903
1.227	 	 	0.946
1.228	 	 	0.914
1.229	 	 	0.944
1.23	 	 	0.934
1.231	 	 	0.946
1.232	 	 	0.936
1.233	 	 	0.947
1.234	 	 	0.931
1.235	 	 	0.956
1.236	 	 	0.944
1.237	 	 	0.958
1.238	 	 	0.948
1.239	 	 	0.959
1.24	 	 	0.956
1.241	 	 	0.944
1.242	 	 	0.996
1.243	 	 	0.689
1.244	 	 	0.939
1.245	 	 	0.985
1.246	 	 	0.775
1.247	 	 	0.937
1.248	 	 	0.999
1.249	 	 	0.782
1.25	 	 	0.932
1.251	 	 	0.95
1.252	 	 	0.951
1.253	 	 	0.942
1.254	 	 	0.982
1.255	 	 	0.828
1.256	 	 	0.948
1.257	 	 	0.942
1.258	 	 	0.785
1.259	 	 	0.942
1.26	 	 	0.975
1.261	 	 	0.832
1.262	 	 	0.861
1.263	 	 	0.985
1.264	 	 	0.711
1.265	 	 	0.967
1.266	 	 	0.905
1.267	 	 	0.951
1.268	 	 	0.968
1.269	 	 	0.876
1.27	 	 	0.967
1.271	 	 	0.89
1.272	 	 	0.936
1.273	 	 	0.939
1.274	 	 	0.944
1.275	 	 	0.938
1.276	 	 	0.952
1.277	 	 	0.938
1.278	 	 	0.951
1.279	 	 	0.964
1.28	 	 	0.881
1.281	 	 	0.949
1.282	 	 	0.867
1.283	 	 	0.952
1.284	 	 	0.954
1.285	 	 	0.958
1.286	 	 	0.95
1.287	 	 	0.967
1.288	 	 	0.888
1.289	 	 	0.895
1.29	 	 	0.901
1.291	 	 	0.874
1.292	 	 	0.9
1.293	 	 	0.899
1.294	 	 	0.914
1.295	 	 	0.907
1.296	 	 	0.875
1.297	 	 	0.91
1.298	 	 	0.896
1.299	 	 	0.905
1.3	 	 	0.824
1.301	 	 	0.931
1.302	 	 	0.922
1.303	 	 	0.925
1.304	 	 	0.894
1.305	 	 	0.939
1.306	 	 	0.939
1.307	 	 	0.946
1.308	 	 	0.977
1.309	 	 	0.808
1.31	 	 	0.929
1.311	 	 	0.945
1.312	 	 	0.956
1.313	 	 	0.953
1.314	 	 	0.964
1.315	 	 	0.935
1.316	 	 	0.932
1.317	 	 	0.981
1.318	 	 	0.771
1.319	 	 	0.983
1.32	 	 	0.694
1.321	 	 	0.935
1.322	 	 	0.922
1.323	 	 	0.934
1.324	 	 	0.884
1.325	 	 	0.93
1.326	 	 	0.954
1.327	 	 	0.939
1.328	 	 	0.966
1.329	 	 	0.893
1.33	 	 	0.784
1.331	 	 	0.95
1.332	 	 	0.986
1.333	 	 	0.788
1.334	 	 	0.943
1.335	 	 	0.783
1.336	 	 	0.938
1.337	 	 	0.983
1.338	 	 	0.791
1.339	 	 	0.956
1.34	 	 	0.867
1.341	 	 	0.945
1.342	 	 	0.874
1.343	 	 	0.9
1.344	 	 	0.907
1.345	 	 	0.928
1.346	 	 	0.952
1.347	 	 	0.952
1.348	 	 	0.96
1.349	 	 	0.914
1.35	 	 	0.896
1.351	 	 	0.906
1.352	 	 	0.933
1.353	 	 	0.947
1.354	 	 	0.941
1.355	 	 	0.934
1.356	 	 	0.932
1.357	 	 	0.939
1.358	 	 	0.92
1.359	 	 	0.909
1.36	 	 	0.845
1.361	 	 	0.921
1.362	 	 	0.957
1.363	 	 	0.887
1.364	 	 	0.902
1.365	 	 	0.953
1.366	 	 	0.887
1.367	 	 	0.951
1.368	 	 	0.88
1.369	 	 	0.946
1.37	 	 	0.902
1.371	 	 	0.941
1.372	 	 	0.911
1.373	 	 	0.943
1.374	 	 	0.921
1.375	 	 	0.893
1.376	 	 	0.894
1.377	 	 	0.929
1.378	 	 	0.912
1.379	 	 	0.929
1.38	 	 	0.942
1.381	 	 	0.941
1.382	 	 	1.01
1.383	 	 	0.724
1.384	 	 	0.848
1.385	 	 	0.845
1.386	 	 	0.801
1.387	 	 	0.826
1.388	 	 	0.932
1.389	 	 	0.957
1.39	 	 	0.94
1.391	 	 	0.933
1.392	 	 	0.941
1.393	 	 	0.913
1.394	 	 	0.94
1.395	 	 	0.876
1.396	 	 	0.931
1.397	 	 	0.945
1.398	 	 	0.948
1.399	 	 	0.991
1.4	 	 	0.774
1.401	 	 	0.942
1.402	 	 	1.002
1.403	 	 	0.712
1.404	 	 	0.941
1.405	 	 	0.984
1.406	 	 	0.791
1.407	 	 	0.977
1.408	 	 	0.713
1.409	 	 	0.936
1.41	 	 	0.946
1.411	 	 	0.863
1.412	 	 	0.906
1.413	 	 	0.858
1.414	 	 	0.919
1.415	 	 	0.913
1.416	 	 	0.873
1.417	 	 	0.925
1.418	 	 	0.952
1.419	 	 	0.954
1.42	 	 	0.966
1.421	 	 	0.928
1.422	 	 	0.884
1.423	 	 	0.9
1.424	 	 	0.934
1.425	 	 	0.943
1.426	 	 	0.948
1.427	 	 	0.957
1.428	 	 	0.946
1.429	 	 	0.971
1.43	 	 	0.872
1.431	 	 	0.95
1.432	 	 	0.87
1.433	 	 	0.913
1.434	 	 	0.942
1.435	 	 	0.9
1.436	 	 	0.916
1.437	 	 	0.903
1.438	 	 	0.895
1.439	 	 	0.925
1.44	 	 	0.901
1.441	 	 	0.914
1.442	 	 	0.906
1.443	 	 	0.911
1.444	 	 	0.904
1.445	 	 	0.923
1.446	 	 	0.912
1.447	 	 	0.932
1.448	 	 	0.94
1.449	 	 	0.949
1.45	 	 	0.933
1.451	 	 	0.952
1.452	 	 	0.944
1.453	 	 	0.949
1.454	 	 	0.949
1.455	 	 	0.954
1.456	 	 	0.946
1.457	 	 	0.997
1.458	 	 	0.771
1.459	 	 	0.961
1.46	 	 	0.693
1.461	 	 	0.972
1.462	 	 	0.742
1.463	 	 	0.824
1.464	 	 	0.933
1.465	 	 	0.939
1.466	 	 	0.941
1.467	 	 	0.99
1.468	 	 	0.713
1.469	 	 	0.977
1.47	 	 	0.779
1.471	 	 	0.941
1.472	 	 	0.958
1.473	 	 	0.937
1.474	 	 	0.965
1.475	 	 	0.935
1.476	 	 	0.732
1.477	 	 	0.844
1.478	 	 	0.951
1.479	 	 	0.842
1.48	 	 	0.824
1.481	 	 	0.937
1.482	 	 	0.932
1.483	 	 	0.828
1.484	 	 	0.908
1.485	 	 	0.942
1.486	 	 	0.873
1.487	 	 	0.955
1.488	 	 	0.896
1.489	 	 	0.952
1.49	 	 	0.954
1.491	 	 	0.958
1.492	 	 	0.95
1.493	 	 	0.955
1.494	 	 	0.955
1.495	 	 	0.961
1.496	 	 	0.872
1.497	 	 	0.91
1.498	 	 	0.9
1.499	 	 	0.872
1.5	 	 	0.89
1.501	 	 	0.895
1.502	 	 	0.918
1.503	 	 	0.894
1.504	 	 	0.879
1.505	 	 	0.903
1.506	 	 	0.89
1.507	 	 	0.909
1.508	 	 	0.875
1.509	 	 	0.901
1.51	 	 	0.925
1.511	 	 	0.927
1.512	 	 	0.902
1.513	 	 	0.956
1.514	 	 	0.937
1.515	 	 	0.945
1.516	 	 	0.902
1.517	 	 	0.949
1.518	 	 	0.912
1.519	 	 	0.903
1.52	 	 	0.943
1.521	 	 	0.898
1.522	 	 	0.927
1.523	 	 	0.954
1.524	 	 	0.953
1.525	 	 	0.95
1.526	 	 	0.95
1.527	 	 	0.954
1.528	 	 	0.963
1.529	 	 	0.888
1.53	 	 	0.981
1.531	 	 	0.697
1.532	 	 	0.957
1.533	 	 	0.771
1.534	 	 	0.937
1.535	 	 	0.954
1.536	 	 	0.714
1.537	 	 	0.923
1.538	 	 	0.935
1.539	 	 	0.961
1.54	 	 	0.871
1.541	 	 	0.858
1.542	 	 	0.843
1.543	 	 	0.812
1.544	 	 	0.906
1.545	 	 	0.813
1.546	 	 	0.854
1.547	 	 	0.771
1.548	 	 	0.935
1.549	 	 	0.958
1.55	 	 	0.939
1.551	 	 	0.941
1.552	 	 	0.968
1.553	 	 	0.824
1.554	 	 	0.934
1.555	 	 	0.936
1.556	 	 	0.836
1.557	 	 	0.954
1.558	 	 	0.861
1.559	 	 	0.915
1.56	 	 	0.818
1.561	 	 	0.953
1.562	 	 	0.954
1.563	 	 	0.955
1.564	 	 	0.955
1.565	 	 	0.953
1.566	 	 	0.96
1.567	 	 	0.958
1.568	 	 	0.892
1.569	 	 	0.909
1.57	 	 	0.96
1.571	 	 	0.887
1.572	 	 	0.865
1.573	 	 	0.908
1.574	 	 	0.903
1.575	 	 	0.893
1.576	 	 	0.878
1.577	 	 	0.916
1.578	 	 	0.888
1.579	 	 	0.88
1.58	 	 	0.893
1.581	 	 	0.903
1.582	 	 	0.915
1.583	 	 	0.91
1.584	 	 	0.9
1.585	 	 	0.937
1.586	 	 	0.954
1.587	 	 	0.945
1.588	 	 	0.892
1.589	 	 	0.948
1.59	 	 	0.931
1.591	 	 	0.912
1.592	 	 	0.882
1.593	 	 	0.928
1.594	 	 	0.925
1.595	 	 	0.934
1.596	 	 	0.937
1.597	 	 	0.954
1.598	 	 	0.942
1.599	 	 	0.954
1.6	 	 	0.952
1.601	 	 	1.009
1.602	 	 	0.722
1.603	 	 	0.958
1.604	 	 	0.794
1.605	 	 	0.819
1.606	 	 	0.974
1.607	 	 	0.785
1.608	 	 	0.936
1.609	 	 	0.92
1.61	 	 	0.94
1.611	 	 	0.897
1.612	 	 	0.91
1.613	 	 	0.942
1.614	 	 	0.892
1.615	 	 	0.808
1.616	 	 	0.807
1.617	 	 	0.893
1.618	 	 	0.802
1.619	 	 	0.895
1.62	 	 	0.717
1.621	 	 	0.934
1.622	 	 	0.958
1.623	 	 	0.959
1.624	 	 	0.831
1.625	 	 	0.929
1.626	 	 	0.887
1.627	 	 	0.955
1.628	 	 	0.839
1.629	 	 	0.97
1.63	 	 	0.866
1.631	 	 	0.937
1.632	 	 	0.881
1.633	 	 	0.902
1.634	 	 	0.93
1.635	 	 	0.952
1.636	 	 	0.956
1.637	 	 	0.952
1.638	 	 	0.957
1.639	 	 	0.964
1.64	 	 	0.905
1.641	 	 	0.944
1.642	 	 	0.888
1.643	 	 	0.902
1.644	 	 	0.929
1.645	 	 	0.888
1.646	 	 	0.929
1.647	 	 	0.899
1.648	 	 	0.861
1.649	 	 	0.904
1.65	 	 	0.915
1.651	 	 	0.904
1.652	 	 	0.869
1.653	 	 	0.908
1.654	 	 	0.912
1.655	 	 	0.889
1.656	 	 	0.901
1.657	 	 	0.927
1.658	 	 	0.926
1.659	 	 	0.9
1.66	 	 	0.912
1.661	 	 	0.938
1.662	 	 	0.949
1.663	 	 	0.95
1.664	 	 	0.956
1.665	 	 	0.918
1.666	 	 	0.955
1.667	 	 	0.91
1.668	 	 	0.868
1.669	 	 	0.926
1.67	 	 	0.954
1.671	 	 	0.946
1.672	 	 	0.957
1.673	 	 	0.948
1.674	 	 	0.83
1.675	 	 	0.987
1.676	 	 	0.693
1.677	 	 	0.977
1.678	 	 	0.772
1.679	 	 	0.939
1.68	 	 	0.932
1.681	 	 	0.949
1.682	 	 	0.943
1.683	 	 	0.926
1.684	 	 	0.9
1.685	 	 	0.924
1.686	 	 	0.92
1.687	 	 	0.801
1.688	 	 	0.812
1.689	 	 	0.915
1.69	 	 	0.815
1.691	 	 	0.81
1.692	 	 	0.853
1.693	 	 	0.809
1.694	 	 	0.918
1.695	 	 	0.891
1.696	 	 	0.875
1.697	 	 	0.949
1.698	 	 	0.943
1.699	 	 	0.956
1.7	 	 	0.953
1.701	 	 	0.966
1.702	 	 	0.863
1.703	 	 	0.958
1.704	 	 	0.887
1.705	 	 	0.954
1.706	 	 	0.961
1.707	 	 	0.903
1.708	 	 	0.955
1.709	 	 	0.962
1.71	 	 	0.909
1.711	 	 	0.954
1.712	 	 	0.958
1.713	 	 	0.898
1.714	 	 	0.906
1.715	 	 	0.88
1.716	 	 	0.876
1.717	 	 	0.911
1.718	 	 	0.894
1.719	 	 	0.887
1.72	 	 	0.957
1.721	 	 	0.887
1.722	 	 	0.958
1.723	 	 	0.851
1.724	 	 	0.955
1.725	 	 	0.896
1.726	 	 	0.949
1.727	 	 	0.913
1.728	 	 	0.934
1.729	 	 	0.938
1.73	 	 	0.903
1.731	 	 	0.941
1.732	 	 	0.914
1.733	 	 	0.9
1.734	 	 	0.904
1.735	 	 	0.921
1.736	 	 	0.894
1.737	 	 	0.927
1.738	 	 	0.934
1.739	 	 	0.947
1.74	 	 	0.978
1.741	 	 	0.869
1.742	 	 	0.784
1.743	 	 	0.928
1.744	 	 	0.961
1.745	 	 	0.94
1.746	 	 	0.959
1.747	 	 	0.962
1.748	 	 	0.692
1.749	 	 	0.971
1.75	 	 	0.798
1.751	 	 	0.912
1.752	 	 	0.936
1.753	 	 	0.929
1.754	 	 	0.92
1.755	 	 	0.937
1.756	 	 	0.913
1.757	 	 	0.984
1.758	 	 	0.853
1.759	 	 	0.839
1.76	 	 	0.974
1.761	 	 	0.819
1.762	 	 	0.988
1.763	 	 	0.792
1.764	 	 	0.936
1.765	 	 	0.998
1.766	 	 	0.792
1.767	 	 	0.966
1.768	 	 	0.804
1.769	 	 	0.97
1.77	 	 	0.875
1.771	 	 	0.912
1.772	 	 	0.867
1.773	 	 	0.897
1.774	 	 	0.913
1.775	 	 	0.937
1.776	 	 	0.952
1.777	 	 	0.954
1.778	 	 	0.957
1.779	 	 	0.911
1.78	 	 	0.856
1.781	 	 	0.932
1.782	 	 	0.957
1.783	 	 	0.943
1.784	 	 	0.937
1.785	 	 	0.927
1.786	 	 	0.963
1.787	 	 	0.844
1.788	 	 	0.894
1.789	 	 	0.927
1.79	 	 	0.882
1.791	 	 	0.903
1.792	 	 	0.935
1.793	 	 	0.906
1.794	 	 	0.94
1.795	 	 	0.882
1.796	 	 	0.953
1.797	 	 	0.902
1.798	 	 	0.947
1.799	 	 	0.938
1.8	 	 	0.954
1.801	 	 	0.896
1.802	 	 	0.931
1.803	 	 	0.938
1.804	 	 	0.949
1.805	 	 	0.928
1.806	 	 	0.901
1.807	 	 	0.941
1.808	 	 	0.86
1.809	 	 	0.925
1.81	 	 	0.929
1.811	 	 	0.948
1.812	 	 	0.994
1.813	 	 	0.786
1.814	 	 	0.946
1.815	 	 	0.752
1.816	 	 	0.775
1.817	 	 	0.934
1.818	 	 	0.955
1.819	 	 	0.852
1.82	 	 	0.963
1.821	 	 	0.962
1.822	 	 	0.774
1.823	 	 	0.944
1.824	 	 	0.936
1.825	 	 	0.941
1.826	 	 	0.916
1.827	 	 	0.955
1.828	 	 	0.857
1.829	 	 	0.869
1.83	 	 	0.989
1.831	 	 	0.795
1.832	 	 	0.987
1.833	 	 	0.779
1.834	 	 	0.996
1.835	 	 	0.71
1.836	 	 	0.946
1.837	 	 	1.003
1.838	 	 	0.785
1.839	 	 	0.947
1.84	 	 	0.856
1.841	 	 	0.967
1.842	 	 	0.866
1.843	 	 	0.95
1.844	 	 	0.923
1.845	 	 	0.909
1.846	 	 	0.863
1.847	 	 	0.942
1.848	 	 	0.953
1.849	 	 	0.951
1.85	 	 	0.97
1.851	 	 	0.882
1.852	 	 	0.903
1.853	 	 	0.903
1.854	 	 	0.902
1.855	 	 	0.935
1.856	 	 	0.955
1.857	 	 	0.94
1.858	 	 	0.933
1.859	 	 	0.941
1.86	 	 	0.896
1.861	 	 	0.912
1.862	 	 	0.903
1.863	 	 	0.912
1.864	 	 	0.87
1.865	 	 	0.915
1.866	 	 	0.89
1.867	 	 	0.948
1.868	 	 	0.884
1.869	 	 	0.925
1.87	 	 	0.96
1.871	 	 	0.899
1.872	 	 	0.95
1.873	 	 	0.931
1.874	 	 	0.93
1.875	 	 	0.947
1.876	 	 	0.905
1.877	 	 	0.941
1.878	 	 	0.923
1.879	 	 	0.925
1.88	 	 	0.869
1.881	 	 	0.925
1.882	 	 	0.945
1.883	 	 	0.943
1.884	 	 	1.007
1.885	 	 	0.734
1.886	 	 	0.863
1.887	 	 	0.809
1.888	 	 	0.776
1.889	 	 	0.907
1.89	 	 	0.882
1.891	 	 	0.942
1.892	 	 	0.951
1.893	 	 	0.939
1.894	 	 	0.939
1.895	 	 	0.94
1.896	 	 	0.939
1.897	 	 	0.923
1.898	 	 	0.94
1.899	 	 	0.91
1.9	 	 	0.897
1.901	 	 	0.919
1.902	 	 	0.785
1.903	 	 	0.961
1.904	 	 	0.846
1.905	 	 	0.809
1.906	 	 	0.99
1.907	 	 	0.793
1.908	 	 	0.966
1.909	 	 	0.84
1.91	 	 	0.945
1.911	 	 	0.851
1.912	 	 	0.96
1.913	 	 	0.895
1.914	 	 	0.95
1.915	 	 	0.848
1.916	 	 	0.956
1.917	 	 	0.95
1.918	 	 	0.869
1.919	 	 	0.94
1.92	 	 	0.881
1.921	 	 	0.951
1.922	 	 	0.951
1.923	 	 	0.96
1.924	 	 	0.884
1.925	 	 	0.908
1.926	 	 	0.901
1.927	 	 	0.905
1.928	 	 	0.906
1.929	 	 	0.958
1.93	 	 	0.934
1.931	 	 	0.937
1.932	 	 	0.94
1.933	 	 	0.89
1.934	 	 	0.936
1.935	 	 	0.906
1.936	 	 	0.869
1.937	 	 	0.921
1.938	 	 	0.905
1.939	 	 	0.88
1.94	 	 	0.863
1.941	 	 	0.944
1.942	 	 	0.905
1.943	 	 	0.946
1.944	 	 	0.952
1.945	 	 	0.945
1.946	 	 	0.936
1.947	 	 	0.944
1.948	 	 	0.931
1.949	 	 	0.927
1.95	 	 	0.951
1.951	 	 	0.934
1.952	 	 	0.897
1.953	 	 	0.94
1.954	 	 	0.934
1.955	 	 	0.912
1.956	 	 	0.937
1.957	 	 	0.998
1.958	 	 	0.731
1.959	 	 	0.89
1.96	 	 	0.709
1.961	 	 	0.933
1.962	 	 	0.771
1.963	 	 	0.901
1.964	 	 	0.935
1.965	 	 	0.942
1.966	 	 	0.95
1.967	 	 	0.957
1.968	 	 	0.953
1.969	 	 	0.923
1.97	 	 	0.935
1.971	 	 	0.975
1.972	 	 	0.835
1.973	 	 	0.972
1.974	 	 	0.882
1.975	 	 	0.972
1.976	 	 	0.709
1.977	 	 	0.984
1.978	 	 	0.787
1.979	 	 	0.942
1.98	 	 	0.95
1.981	 	 	0.786
1.982	 	 	0.945
1.983	 	 	0.907
1.984	 	 	0.941
1.985	 	 	0.912
1.986	 	 	0.943
1.987	 	 	0.868
1.988	 	 	0.909
1.989	 	 	0.884
1.99	 	 	0.931
1.991	 	 	0.937
1.992	 	 	0.951
1.993	 	 	0.953
1.994	 	 	0.958
1.995	 	 	0.954
1.996	 	 	0.961
1.997	 	 	0.958
1.998	 	 	0.901
1.999	 	 	0.922
2	 	 	0.848
2.001	 	 	0.924
2.002	 	 	0.968
2.003	 	 	0.874
2.004	 	 	0.879
2.005	 	 	0.921
2.006	 	 	0.9
2.007	 	 	0.9
2.008	 	 	0.852
2.009	 	 	0.922
2.01	 	 	0.88
2.011	 	 	0.901
2.012	 	 	0.887
2.013	 	 	0.905
2.014	 	 	0.92
2.015	 	 	0.925
2.016	 	 	0.937
2.017	 	 	0.955
2.018	 	 	0.939
2.019	 	 	0.958
2.02	 	 	0.913
2.021	 	 	0.899
2.022	 	 	0.929
2.023	 	 	0.942
2.024	 	 	0.955
2.025	 	 	0.906
2.026	 	 	0.951
2.027	 	 	0.869
2.028	 	 	0.932
2.029	 	 	0.942
2.03	 	 	1.008
2.031	 	 	0.721
2.032	 	 	0.976
2.033	 	 	0.775
2.034	 	 	0.986
2.035	 	 	0.77
2.036	 	 	0.951
2.037	 	 	0.928
2.038	 	 	0.95
2.039	 	 	0.942
2.04	 	 	0.951
2.041	 	 	0.941
2.042	 	 	0.944
2.043	 	 	0.881
2.044	 	 	0.855
2.045	 	 	0.926
2.046	 	 	0.814
2.047	 	 	0.84
2.048	 	 	0.801
2.049	 	 	0.946
2.05	 	 	0.796
2.051	 	 	0.85
2.052	 	 	0.871
2.053	 	 	0.909
2.054	 	 	0.911
2.055	 	 	0.949
2.056	 	 	0.959
2.057	 	 	0.936
2.058	 	 	0.938
2.059	 	 	0.858
2.06	 	 	0.943
2.061	 	 	0.898
2.062	 	 	0.948
2.063	 	 	0.954
2.064	 	 	0.944
2.065	 	 	0.921
2.066	 	 	0.963
2.067	 	 	0.904
2.068	 	 	0.95
2.069	 	 	0.971
2.07	 	 	0.873
2.071	 	 	0.944
2.072	 	 	0.87
2.073	 	 	0.947
2.074	 	 	0.948
2.075	 	 	0.865
2.076	 	 	0.941
2.077	 	 	0.905
2.078	 	 	0.94
2.079	 	 	0.922
2.08	 	 	0.786
2.081	 	 	0.929
2.082	 	 	0.9
2.083	 	 	0.875
2.084	 	 	0.888
2.085	 	 	0.9
2.086	 	 	0.929
2.087	 	 	0.929
2.088	 	 	0.933
2.089	 	 	0.928
2.09	 	 	0.936
2.091	 	 	0.952
2.092	 	 	1.006
2.093	 	 	0.724
2.094	 	 	0.899
2.095	 	 	0.82
2.096	 	 	0.712
2.097	 	 	0.932
2.098	 	 	0.95
2.099	 	 	0.966
2.1	 	 	0.885
2.101	 	 	0.824
2.102	 	 	0.832
2.103	 	 	0.812
2.104	 	 	0.826
2.105	 	 	0.819
2.106	 	 	0.884
2.107	 	 	0.949
2.108	 	 	0.953
2.109	 	 	0.975
2.11	 	 	0.881
2.111	 	 	0.919
2.112	 	 	0.859
2.113	 	 	0.913
2.114	 	 	0.898
2.115	 	 	0.905
2.116	 	 	0.867
2.117	 	 	0.905
2.118	 	 	0.911
2.119	 	 	0.9
2.12	 	 	0.866
2.121	 	 	0.921
2.122	 	 	0.915
2.123	 	 	0.877
2.124	 	 	0.952
2.125	 	 	0.923
2.126	 	 	0.917
2.127	 	 	0.932
2.128	 	 	0.928
2.129	 	 	0.947
2.13	 	 	0.993
2.131	 	 	0.843
2.132	 	 	0.729
2.133	 	 	0.826
2.134	 	 	0.833
2.135	 	 	0.846
2.136	 	 	0.934
2.137	 	 	0.945
2.138	 	 	0.944
2.139	 	 	0.945
2.14	 	 	0.954
2.141	 	 	0.953
2.142	 	 	0.963
2.143	 	 	0.934
2.144	 	 	0.938
2.145	 	 	0.94
2.146	 	 	0.921
2.147	 	 	0.911
2.148	 	 	0.894
2.149	 	 	0.955
2.15	 	 	1.017
2.151	 	 	0.727
2.152	 	 	0.949
2.153	 	 	0.977
2.154	 	 	0.81
2.155	 	 	0.978
2.156	 	 	0.714
2.157	 	 	0.936
2.158	 	 	0.956
2.159	 	 	0.814
2.16	 	 	0.897
2.161	 	 	0.85
2.162	 	 	0.92
2.163	 	 	0.94
2.164	 	 	0.895
2.165	 	 	0.907
2.166	 	 	0.906
2.167	 	 	0.92
2.168	 	 	0.95
2.169	 	 	0.951
2.17	 	 	0.958
2.171	 	 	0.919
2.172	 	 	0.876
2.173	 	 	0.912
2.174	 	 	0.903
2.175	 	 	0.902
2.176	 	 	0.872
2.177	 	 	0.928
2.178	 	 	0.955
2.179	 	 	0.941
2.18	 	 	0.936
2.181	 	 	0.938
2.182	 	 	0.937
2.183	 	 	0.906
2.184	 	 	0.881
2.185	 	 	0.963
2.186	 	 	0.887
2.187	 	 	0.945
2.188	 	 	0.882
2.189	 	 	0.942
2.19	 	 	0.958
2.191	 	 	0.891
2.192	 	 	0.934
2.193	 	 	0.918
2.194	 	 	0.929
2.195	 	 	0.937
2.196	 	 	0.904
2.197	 	 	0.899
2.198	 	 	0.918
2.199	 	 	0.91
2.2	 	 	0.901
2.201	 	 	0.927
2.202	 	 	0.922
2.203	 	 	0.944
2.204	 	 	0.946
2.205	 	 	0.998
2.206	 	 	0.747
2.207	 	 	0.842
2.208	 	 	0.708
2.209	 	 	0.95
2.21	 	 	0.768
2.211	 	 	0.941
2.212	 	 	0.936
2.213	 	 	0.943
2.214	 	 	0.951
2.215	 	 	0.94
2.216	 	 	0.898
2.217	 	 	0.935
2.218	 	 	0.931
2.219	 	 	0.891
2.22	 	 	0.913
2.221	 	 	0.911
2.222	 	 	0.934
2.223	 	 	0.956
2.224	 	 	0.988
2.225	 	 	0.779
2.226	 	 	0.983
2.227	 	 	0.798
2.228	 	 	0.97
2.229	 	 	0.843
2.23	 	 	0.983
2.231	 	 	0.785
2.232	 	 	0.987
2.233	 	 	0.782
2.234	 	 	0.948
2.235	 	 	0.908
2.236	 	 	0.872
2.237	 	 	0.917
2.238	 	 	0.926
2.239	 	 	0.907
2.24	 	 	0.862
2.241	 	 	0.934
2.242	 	 	0.95
2.243	 	 	0.953
2.244	 	 	0.969
2.245	 	 	0.911
2.246	 	 	0.899
2.247	 	 	0.901
2.248	 	 	0.873
2.249	 	 	0.936
2.25	 	 	0.94
2.251	 	 	0.956
2.252	 	 	0.949
2.253	 	 	0.952
2.254	 	 	0.959
2.255	 	 	0.955
2.256	 	 	0.873
2.257	 	 	0.918
2.258	 	 	0.905
2.259	 	 	0.932
2.26	 	 	0.881
2.261	 	 	0.929
2.262	 	 	0.904
2.263	 	 	0.914
2.264	 	 	0.938
2.265	 	 	0.905
2.266	 	 	0.907
2.267	 	 	0.898
2.268	 	 	0.897
2.269	 	 	0.917
2.27	 	 	0.926
2.271	 	 	0.91
2.272	 	 	0.93
2.273	 	 	0.944
2.274	 	 	0.953
2.275	 	 	0.939
2.276	 	 	0.954
2.277	 	 	0.947
2.278	 	 	0.952
2.279	 	 	0.949
2.28	 	 	0.953
2.281	 	 	0.999
2.282	 	 	0.71
2.283	 	 	0.935
2.284	 	 	0.686
2.285	 	 	0.968
2.286	 	 	0.78
2.287	 	 	0.916
2.288	 	 	0.855
2.289	 	 	0.93
2.29	 	 	0.936
2.291	 	 	0.957
2.292	 	 	0.872
2.293	 	 	0.83
2.294	 	 	0.913
2.295	 	 	0.788
2.296	 	 	0.933
2.297	 	 	0.956
2.298	 	 	0.938
2.299	 	 	0.96
2.3	 	 	0.936
2.301	 	 	0.781
2.302	 	 	0.981
2.303	 	 	0.792
2.304	 	 	0.912
2.305	 	 	0.855
2.306	 	 	0.942
2.307	 	 	0.863
2.308	 	 	0.913
2.309	 	 	0.899
2.31	 	 	0.874
2.311	 	 	0.953
2.312	 	 	0.966
2.313	 	 	0.893
2.314	 	 	0.95
2.315	 	 	0.958
2.316	 	 	0.94
2.317	 	 	0.958
2.318	 	 	0.95
2.319	 	 	0.948
2.32	 	 	0.964
2.321	 	 	0.889
2.322	 	 	0.935
2.323	 	 	0.894
2.324	 	 	0.883
2.325	 	 	0.899
2.326	 	 	0.907
2.327	 	 	0.896
2.328	 	 	0.876
2.329	 	 	0.913
2.33	 	 	0.892
2.331	 	 	0.87
2.332	 	 	0.912
2.333	 	 	0.895
2.334	 	 	0.908
2.335	 	 	0.938
2.336	 	 	0.952
2.337	 	 	0.939
2.338	 	 	0.922
2.339	 	 	0.945
2.34	 	 	0.831
2.341	 	 	0.923
2.342	 	 	0.924
2.343	 	 	0.92
2.344	 	 	0.907
2.345	 	 	0.897
2.346	 	 	0.934
2.347	 	 	0.946
2.348	 	 	0.935
2.349	 	 	0.946
2.35	 	 	0.953
2.351	 	 	0.952
2.352	 	 	0.955
2.353	 	 	0.944
2.354	 	 	0.958
2.355	 	 	0.948
2.356	 	 	0.687
2.357	 	 	0.967
2.358	 	 	0.782
2.359	 	 	0.926
2.36	 	 	0.886
2.361	 	 	0.829
2.362	 	 	0.934
2.363	 	 	0.941
2.364	 	 	0.941
2.365	 	 	0.98
2.366	 	 	0.799
2.367	 	 	0.874
2.368	 	 	0.711
2.369	 	 	0.953
2.37	 	 	0.819
2.371	 	 	0.815
2.372	 	 	0.934
2.373	 	 	0.955
2.374	 	 	0.944
2.375	 	 	0.958
2.376	 	 	0.927
2.377	 	 	0.819
2.378	 	 	0.939
2.379	 	 	0.909
2.38	 	 	0.964
2.381	 	 	0.909
2.382	 	 	0.976
2.383	 	 	0.867
2.384	 	 	0.949
2.385	 	 	0.972
2.386	 	 	0.865
2.387	 	 	0.963
2.388	 	 	0.866
2.389	 	 	0.955
2.39	 	 	0.969
2.391	 	 	0.874
2.392	 	 	0.956
2.393	 	 	0.903
2.394	 	 	0.937
2.395	 	 	0.947
2.396	 	 	0.882
2.397	 	 	0.903
2.398	 	 	0.891
2.399	 	 	0.897
2.4	 	 	0.868
2.401	 	 	0.919
2.402	 	 	0.902
2.403	 	 	0.895
2.404	 	 	0.883
2.405	 	 	0.908
2.406	 	 	0.89
2.407	 	 	0.926
2.408	 	 	0.902
2.409	 	 	0.928
2.41	 	 	0.93
2.411	 	 	0.941
2.412	 	 	0.946
2.413	 	 	0.996
2.414	 	 	0.821
2.415	 	 	0.787
2.416	 	 	0.869
2.417	 	 	0.811
2.418	 	 	0.83
2.419	 	 	0.929
2.42	 	 	0.948
2.421	 	 	0.953
2.422	 	 	0.956
2.423	 	 	0.806
2.424	 	 	0.821
2.425	 	 	0.848
2.426	 	 	0.84
2.427	 	 	0.781
2.428	 	 	0.901
2.429	 	 	0.953
2.43	 	 	0.96
2.431	 	 	0.968
2.432	 	 	0.85
2.433	 	 	0.908
2.434	 	 	0.899
2.435	 	 	0.905
2.436	 	 	0.879
2.437	 	 	0.908
2.438	 	 	0.896
2.439	 	 	0.907
2.44	 	 	0.873
2.441	 	 	0.9
2.442	 	 	0.911
2.443	 	 	0.88
2.444	 	 	0.941
2.445	 	 	0.903
2.446	 	 	0.951
2.447	 	 	0.917
2.448	 	 	0.901
2.449	 	 	0.928
2.45	 	 	0.941
2.451	 	 	0.952
2.452	 	 	1.009
2.453	 	 	0.728
2.454	 	 	0.873
2.455	 	 	0.823
2.456	 	 	0.712
2.457	 	 	0.936
2.458	 	 	0.949
2.459	 	 	0.946
2.46	 	 	0.968
2.461	 	 	0.862
2.462	 	 	0.825
2.463	 	 	0.816
2.464	 	 	0.823
2.465	 	 	0.816
2.466	 	 	0.891
2.467	 	 	0.953
2.468	 	 	0.959
2.469	 	 	0.964
2.47	 	 	0.879
2.471	 	 	0.906
2.472	 	 	0.866
2.473	 	 	0.905
2.474	 	 	0.903
2.475	 	 	0.875
2.476	 	 	0.897
2.477	 	 	0.9
2.478	 	 	0.91
2.479	 	 	0.894
2.48	 	 	0.882
2.481	 	 	0.921
2.482	 	 	0.906
2.483	 	 	0.919
2.484	 	 	0.935
2.485	 	 	0.928
2.486	 	 	0.931
2.487	 	 	0.929
2.488	 	 	0.94
2.489	 	 	0.948
2.49	 	 	1.008
2.491	 	 	0.707
2.492	 	 	0.843
2.493	 	 	0.79
2.494	 	 	0.862
2.495	 	 	0.895
2.496	 	 	0.939
2.497	 	 	0.943
2.498	 	 	0.921
2.499	 	 	0.954
2.5	 	 	0.948
2.501	 	 	0.957
2.502	 	 	0.953
2.503	 	 	0.954
2.504	 	 	0.956
2.505	 	 	0.954
2.506	 	 	0.963
2.507	 	 	0.913
2.508	 	 	0.933
2.509	 	 	0.931
2.51	 	 	0.934
2.511	 	 	0.924
2.512	 	 	0.909
2.513	 	 	0.789
2.514	 	 	0.964
2.515	 	 	0.791
2.516	 	 	0.917
2.517	 	 	0.788
2.518	 	 	0.936
2.519	 	 	0.845
2.52	 	 	0.779
2.521	 	 	0.943
2.522	 	 	0.968
2.523	 	 	0.861
2.524	 	 	0.932
2.525	 	 	0.965
2.526	 	 	0.875
2.527	 	 	0.959
2.528	 	 	0.861
2.529	 	 	0.945
2.53	 	 	0.953
2.531	 	 	0.951
2.532	 	 	0.971
2.533	 	 	0.905
2.534	 	 	0.918
2.535	 	 	0.951
2.536	 	 	0.855
2.537	 	 	0.91
2.538	 	 	0.899
2.539	 	 	0.873
2.54	 	 	0.898
2.541	 	 	0.908
2.542	 	 	0.906
2.543	 	 	0.906
2.544	 	 	0.954
2.545	 	 	0.952
2.546	 	 	0.948
2.547	 	 	0.969
2.548	 	 	0.853
2.549	 	 	0.951
2.55	 	 	0.9
2.551	 	 	0.941
2.552	 	 	0.951
2.553	 	 	0.918
2.554	 	 	0.907
2.555	 	 	0.946
2.556	 	 	0.944
2.557	 	 	0.894
2.558	 	 	0.925
2.559	 	 	0.928
2.56	 	 	0.934
2.561	 	 	0.95
2.562	 	 	0.914
2.563	 	 	0.933
2.564	 	 	0.931
2.565	 	 	0.95
2.566	 	 	0.916
2.567	 	 	0.939
2.568	 	 	0.952
2.569	 	 	1.009
2.57	 	 	0.723
2.571	 	 	0.901
2.572	 	 	0.997
2.573	 	 	0.772
2.574	 	 	0.977
2.575	 	 	0.774
2.576	 	 	0.943
2.577	 	 	0.932
2.578	 	 	0.952
2.579	 	 	0.952
2.58	 	 	0.867
2.581	 	 	0.956
2.582	 	 	0.883
2.583	 	 	0.826
2.584	 	 	0.834
2.585	 	 	0.875
2.586	 	 	0.818
2.587	 	 	0.8
2.588	 	 	0.868
2.589	 	 	0.853
2.59	 	 	0.838
2.591	 	 	0.905
2.592	 	 	0.948
2.593	 	 	0.954
2.594	 	 	0.946
2.595	 	 	0.964
2.596	 	 	0.825
2.597	 	 	0.952
2.598	 	 	0.865
2.599	 	 	0.89
2.6	 	 	0.866
2.601	 	 	0.944
2.602	 	 	0.919
2.603	 	 	0.944
2.604	 	 	0.941
2.605	 	 	0.921
2.606	 	 	0.955
2.607	 	 	0.957
2.608	 	 	0.958
2.609	 	 	0.926
2.61	 	 	0.958
2.611	 	 	0.903
2.612	 	 	0.943
2.613	 	 	0.893
2.614	 	 	0.914
2.615	 	 	0.945
2.616	 	 	0.875
2.617	 	 	0.911
2.618	 	 	0.921
2.619	 	 	0.869
2.62	 	 	0.904
2.621	 	 	0.896
2.622	 	 	0.889
2.623	 	 	0.909
2.624	 	 	0.881
2.625	 	 	0.903
2.626	 	 	0.924
2.627	 	 	0.922
2.628	 	 	0.89
2.629	 	 	0.928
2.63	 	 	0.922
2.631	 	 	0.94
2.632	 	 	0.953
2.633	 	 	0.954
2.634	 	 	0.944
2.635	 	 	0.901
2.636	 	 	0.943
2.637	 	 	0.926
2.638	 	 	0.913
2.639	 	 	0.936
2.64	 	 	0.933
2.641	 	 	0.938
2.642	 	 	1.009
2.643	 	 	0.717
2.644	 	 	0.889
2.645	 	 	0.982
2.646	 	 	0.78
2.647	 	 	0.989
2.648	 	 	0.704
2.649	 	 	0.94
2.65	 	 	0.949
2.651	 	 	0.939
2.652	 	 	0.95
2.653	 	 	0.937
2.654	 	 	0.95
2.655	 	 	0.943
2.656	 	 	0.72
2.657	 	 	0.955
2.658	 	 	0.794
2.659	 	 	0.903
2.66	 	 	0.728
2.661	 	 	0.927
2.662	 	 	0.793
2.663	 	 	0.887
2.664	 	 	0.947
2.665	 	 	0.952
2.666	 	 	0.959
2.667	 	 	0.94
2.668	 	 	0.946
2.669	 	 	0.949
2.67	 	 	0.943
2.671	 	 	0.923
2.672	 	 	0.955
2.673	 	 	0.91
2.674	 	 	0.907
2.675	 	 	0.898
2.676	 	 	0.861
2.677	 	 	0.893
2.678	 	 	0.929
2.679	 	 	0.932
2.68	 	 	0.877
2.681	 	 	0.943
2.682	 	 	0.963
2.683	 	 	0.872
2.684	 	 	0.912
2.685	 	 	0.949
2.686	 	 	0.902
2.687	 	 	0.943
2.688	 	 	0.868
2.689	 	 	0.957
2.69	 	 	0.881
2.691	 	 	0.913
2.692	 	 	0.854
2.693	 	 	0.929
2.694	 	 	0.909
2.695	 	 	0.895
2.696	 	 	0.882
2.697	 	 	0.92
2.698	 	 	0.93
2.699	 	 	0.893
2.7	 	 	0.914
2.701	 	 	0.919
2.702	 	 	0.925
2.703	 	 	0.938
2.704	 	 	0.953
2.705	 	 	0.948
2.706	 	 	0.956
2.707	 	 	0.921
2.708	 	 	0.947
2.709	 	 	0.923
2.71	 	 	0.861
2.711	 	 	0.938
2.712	 	 	0.952
2.713	 	 	0.966
2.714	 	 	0.815
2.715	 	 	0.991
2.716	 	 	0.697
2.717	 	 	0.979
2.718	 	 	0.773
2.719	 	 	0.948
2.72	 	 	0.837
2.721	 	 	0.944
2.722	 	 	0.953
2.723	 	 	0.943
2.724	 	 	0.944
2.725	 	 	0.934
2.726	 	 	0.986
2.727	 	 	0.786
2.728	 	 	0.898
2.729	 	 	0.903
2.73	 	 	0.825
2.731	 	 	0.744
2.732	 	 	0.852
2.733	 	 	0.796
2.734	 	 	0.931
2.735	 	 	0.955
2.736	 	 	0.964
2.737	 	 	0.945
2.738	 	 	0.899
2.739	 	 	0.92
2.74	 	 	0.879
2.741	 	 	0.938
2.742	 	 	0.896
2.743	 	 	0.886
2.744	 	 	0.899
2.745	 	 	0.904
2.746	 	 	0.915
2.747	 	 	0.865
2.748	 	 	0.89
2.749	 	 	0.916
2.75	 	 	0.901
2.751	 	 	0.911
2.752	 	 	0.903
2.753	 	 	0.933
2.754	 	 	0.931
2.755	 	 	0.932
2.756	 	 	0.948
2.757	 	 	0.943
2.758	 	 	0.982
2.759	 	 	0.845
2.76	 	 	0.725
2.761	 	 	0.871
2.762	 	 	0.79
2.763	 	 	0.939
2.764	 	 	0.949
2.765	 	 	0.994
2.766	 	 	0.827
2.767	 	 	0.838
2.768	 	 	0.726
2.769	 	 	0.912
2.77	 	 	0.831
2.771	 	 	0.803
2.772	 	 	0.875
2.773	 	 	0.914
2.774	 	 	0.918
2.775	 	 	0.908
2.776	 	 	0.941
2.777	 	 	0.953
2.778	 	 	0.959
2.779	 	 	0.959
2.78	 	 	0.871
2.781	 	 	0.905
2.782	 	 	0.895
2.783	 	 	0.909
2.784	 	 	0.88
2.785	 	 	0.904
2.786	 	 	0.906
2.787	 	 	0.913
2.788	 	 	0.873
2.789	 	 	0.913
2.79	 	 	0.934
2.791	 	 	0.921
2.792	 	 	0.935
2.793	 	 	0.925
2.794	 	 	0.944
2.795	 	 	0.947
2.796	 	 	1.013
2.797	 	 	0.747
2.798	 	 	0.818
2.799	 	 	0.854
2.8	 	 	0.726
2.801	 	 	0.94
2.802	 	 	0.949
2.803	 	 	0.977
2.804	 	 	0.799
2.805	 	 	0.862
2.806	 	 	0.829
2.807	 	 	0.839
2.808	 	 	0.743
2.809	 	 	0.854
2.81	 	 	0.862
2.811	 	 	0.903
2.812	 	 	0.893
2.813	 	 	0.906
2.814	 	 	0.933
2.815	 	 	0.956
2.816	 	 	0.962
2.817	 	 	0.961
2.818	 	 	0.87
2.819	 	 	0.895
2.82	 	 	0.868
2.821	 	 	0.905
2.822	 	 	0.903
2.823	 	 	0.906
2.824	 	 	0.881
2.825	 	 	0.9
2.826	 	 	0.912
2.827	 	 	0.872
2.828	 	 	0.911
2.829	 	 	0.929
2.83	 	 	0.922
2.831	 	 	0.931
2.832	 	 	0.947
2.833	 	 	0.946
2.834	 	 	1.009
2.835	 	 	0.756
2.836	 	 	0.733
2.837	 	 	0.866
2.838	 	 	0.776
2.839	 	 	0.932
2.84	 	 	0.951
2.841	 	 	0.938
2.842	 	 	0.953
2.843	 	 	0.955
2.844	 	 	0.948
2.845	 	 	0.954
2.846	 	 	0.952
2.847	 	 	0.954
2.848	 	 	0.958
2.849	 	 	0.944
2.85	 	 	0.955
2.851	 	 	0.96
2.852	 	 	0.943
2.853	 	 	0.926
2.854	 	 	0.958
2.855	 	 	0.966
2.856	 	 	0.707
2.857	 	 	0.981
2.858	 	 	0.666
2.859	 	 	0.993
2.86	 	 	0.714
2.861	 	 	0.926
2.862	 	 	0.946
2.863	 	 	0.788
2.864	 	 	0.902
2.865	 	 	0.865
2.866	 	 	0.9
2.867	 	 	0.946
2.868	 	 	0.95
2.869	 	 	0.956
2.87	 	 	0.952
2.871	 	 	0.957
2.872	 	 	0.977
2.873	 	 	0.868
2.874	 	 	0.925
2.875	 	 	0.97
2.876	 	 	0.849
2.877	 	 	0.967
2.878	 	 	0.848
2.879	 	 	0.941
2.88	 	 	0.883
2.881	 	 	0.9
2.882	 	 	0.9
2.883	 	 	0.892
2.884	 	 	0.882
2.885	 	 	0.911
2.886	 	 	0.906
2.887	 	 	0.895
2.888	 	 	0.865
2.889	 	 	0.92
2.89	 	 	0.893
2.891	 	 	0.873
2.892	 	 	0.93
2.893	 	 	0.949
2.894	 	 	0.952
2.895	 	 	0.953
2.896	 	 	0.897
2.897	 	 	0.962
2.898	 	 	0.875
2.899	 	 	0.911
2.9	 	 	0.885
2.901	 	 	0.943
2.902	 	 	0.888
2.903	 	 	0.928
2.904	 	 	0.936
2.905	 	 	0.93
2.906	 	 	0.953
2.907	 	 	0.939
2.908	 	 	0.951
2.909	 	 	0.955
2.91	 	 	0.951
2.911	 	 	0.954
2.912	 	 	0.955
2.913	 	 	0.962
2.914	 	 	0.826
2.915	 	 	0.961
2.916	 	 	0.695
2.917	 	 	0.957
2.918	 	 	0.78
2.919	 	 	0.916
2.92	 	 	0.882
2.921	 	 	0.924
2.922	 	 	0.939
2.923	 	 	0.948
2.924	 	 	0.897
2.925	 	 	0.83
2.926	 	 	0.858
2.927	 	 	0.843
2.928	 	 	0.77
2.929	 	 	0.937
2.93	 	 	0.959
2.931	 	 	0.942
2.932	 	 	0.979
2.933	 	 	0.785
2.934	 	 	0.958
2.935	 	 	0.795
2.936	 	 	0.937
2.937	 	 	0.942
2.938	 	 	0.954
2.939	 	 	0.894
2.94	 	 	0.972
2.941	 	 	0.864
2.942	 	 	0.949
2.943	 	 	0.956
2.944	 	 	0.951
2.945	 	 	0.877
2.946	 	 	0.962
2.947	 	 	0.887
2.948	 	 	0.958
2.949	 	 	0.931
2.95	 	 	0.962
2.951	 	 	0.906
2.952	 	 	0.952
2.953	 	 	0.891
2.954	 	 	0.922
2.955	 	 	0.855
2.956	 	 	0.894
2.957	 	 	0.903
2.958	 	 	0.894
2.959	 	 	0.915
2.96	 	 	0.863
2.961	 	 	0.925
2.962	 	 	0.911
2.963	 	 	0.902
2.964	 	 	0.884
2.965	 	 	0.904
2.966	 	 	0.921
2.967	 	 	0.93
2.968	 	 	0.936
2.969	 	 	0.957
2.97	 	 	0.945
2.971	 	 	0.902
2.972	 	 	0.94
2.973	 	 	0.926
2.974	 	 	0.928
2.975	 	 	0.897
2.976	 	 	0.907
2.977	 	 	0.908
2.978	 	 	0.944
2.979	 	 	0.949
2.98	 	 	0.95
2.981	 	 	0.954
2.982	 	 	0.948
2.983	 	 	0.96
2.984	 	 	1.012
2.985	 	 	0.71
2.986	 	 	0.971
2.987	 	 	0.698
2.988	 	 	0.95
2.989	 	 	0.794
2.99	 	 	0.946
2.991	 	 	0.855
2.992	 	 	0.889
2.993	 	 	0.888
2.994	 	 	0.936
2.995	 	 	0.945
2.996	 	 	0.919
2.997	 	 	0.815
2.998	 	 	0.852
2.999	 	 	0.863
3	 	 	0.782
3.001	 	 	0.906
3.002	 	 	0.79
3.003	 	 	0.934
3.004	 	 	0.958
3.005	 	 	0.93
3.006	 	 	0.991
3.007	 	 	0.787
3.008	 	 	0.897
3.009	 	 	0.922
3.01	 	 	0.946
3.011	 	 	0.931
3.012	 	 	0.84
3.013	 	 	0.945
3.014	 	 	0.894
3.015	 	 	0.918
3.016	 	 	0.878
3.017	 	 	0.952
3.018	 	 	0.953
3.019	 	 	0.955
3.02	 	 	0.959
3.021	 	 	0.944
3.022	 	 	0.952
3.023	 	 	0.951
3.024	 	 	0.892
3.025	 	 	0.944
3.026	 	 	0.881
3.027	 	 	0.934
3.028	 	 	0.876
3.029	 	 	0.913
3.03	 	 	0.909
3.031	 	 	0.891
3.032	 	 	0.888
3.033	 	 	0.906
3.034	 	 	0.911
3.035	 	 	0.867
3.036	 	 	0.909
3.037	 	 	0.897
3.038	 	 	0.905
3.039	 	 	0.927
3.04	 	 	0.895
3.041	 	 	0.92
3.042	 	 	0.949
3.043	 	 	0.956
3.044	 	 	0.956
3.045	 	 	0.951
3.046	 	 	0.918
3.047	 	 	0.949
3.048	 	 	0.959
3.049	 	 	0.931
3.05	 	 	0.951
3.051	 	 	0.937
3.052	 	 	0.954
3.053	 	 	0.942
3.054	 	 	0.949
3.055	 	 	0.981
3.056	 	 	0.803
3.057	 	 	0.971
3.058	 	 	0.772
3.059	 	 	0.944
3.06	 	 	0.983
3.061	 	 	0.813
3.062	 	 	0.97
3.063	 	 	0.84
3.064	 	 	0.945
3.065	 	 	0.956
3.066	 	 	0.952
3.067	 	 	0.947
3.068	 	 	0.902
3.069	 	 	1.018
3.07	 	 	0.769
3.071	 	 	0.994
3.072	 	 	0.716
3.073	 	 	0.961
3.074	 	 	0.894
3.075	 	 	0.994
3.076	 	 	0.71
3.077	 	 	0.989
3.078	 	 	0.799
3.079	 	 	0.934
3.08	 	 	0.954
3.081	 	 	0.951
3.082	 	 	0.957
3.083	 	 	0.943
3.084	 	 	0.951
3.085	 	 	0.966
3.086	 	 	0.903
3.087	 	 	0.933
3.088	 	 	0.882
3.089	 	 	0.956
3.09	 	 	0.903
3.091	 	 	0.958
3.092	 	 	0.87
3.093	 	 	0.926
3.094	 	 	0.943
3.095	 	 	0.929
3.096	 	 	0.872
3.097	 	 	0.906
3.098	 	 	0.912
3.099	 	 	0.899
3.1	 	 	0.922
3.101	 	 	0.912
3.102	 	 	0.909
3.103	 	 	0.892
3.104	 	 	0.897
3.105	 	 	0.892
3.106	 	 	0.941
3.107	 	 	0.866
3.108	 	 	0.953
3.109	 	 	0.954
3.11	 	 	0.879
3.111	 	 	0.955
3.112	 	 	0.957
3.113	 	 	0.939
3.114	 	 	0.932
3.115	 	 	0.905
3.116	 	 	0.939
3.117	 	 	0.956
3.118	 	 	0.87
3.119	 	 	0.928
3.12	 	 	0.867
3.121	 	 	0.927
3.122	 	 	0.945
3.123	 	 	0.948
3.124	 	 	0.948
3.125	 	 	0.808
3.126	 	 	0.832
3.127	 	 	0.816
3.128	 	 	0.832
3.129	 	 	0.933
3.13	 	 	0.957
3.131	 	 	0.99
3.132	 	 	0.73
3.133	 	 	0.845
3.134	 	 	0.855
3.135	 	 	0.838
3.136	 	 	0.75
3.137	 	 	0.822
3.138	 	 	0.929
3.139	 	 	0.956
3.14	 	 	0.967
3.141	 	 	0.938
3.142	 	 	0.912
3.143	 	 	0.909
3.144	 	 	0.911
3.145	 	 	0.94
3.146	 	 	0.882
3.147	 	 	0.855
3.148	 	 	0.896
3.149	 	 	0.903
3.15	 	 	0.893
3.151	 	 	0.903
3.152	 	 	0.88
3.153	 	 	0.913
3.154	 	 	0.899
3.155	 	 	0.914
3.156	 	 	0.902
3.157	 	 	0.929
3.158	 	 	0.929
3.159	 	 	0.934
3.16	 	 	0.946
3.161	 	 	0.992
3.162	 	 	0.841
3.163	 	 	0.718
3.164	 	 	0.854
3.165	 	 	0.804
3.166	 	 	0.84
3.167	 	 	0.93
3.168	 	 	0.952
3.169	 	 	0.999
3.17	 	 	0.814
3.171	 	 	0.839
3.172	 	 	0.794
3.173	 	 	0.833
3.174	 	 	0.86
3.175	 	 	0.803
3.176	 	 	0.884
3.177	 	 	0.921
3.178	 	 	0.889
3.179	 	 	0.884
3.18	 	 	0.949
3.181	 	 	0.954
3.182	 	 	0.967
3.183	 	 	0.927
3.184	 	 	0.879
3.185	 	 	0.909
3.186	 	 	0.9
3.187	 	 	0.91
3.188	 	 	0.871
3.189	 	 	0.907
3.19	 	 	0.904
3.191	 	 	0.902
3.192	 	 	0.865
3.193	 	 	0.925
3.194	 	 	0.936
3.195	 	 	0.905
3.196	 	 	0.917
3.197	 	 	0.929
3.198	 	 	0.948
3.199	 	 	1
3.2	 	 	0.723
3.201	 	 	0.872
3.202	 	 	0.823
3.203	 	 	0.788
3.204	 	 	0.865
3.205	 	 	0.932
3.206	 	 	0.931
3.207	 	 	0.95
3.208	 	 	0.963
3.209	 	 	0.942
3.21	 	 	0.941
3.211	 	 	0.955
3.212	 	 	0.952
3.213	 	 	0.955
3.214	 	 	0.963
3.215	 	 	0.929
3.216	 	 	0.899
3.217	 	 	0.935
3.218	 	 	0.934
3.219	 	 	0.913
3.22	 	 	0.912
3.221	 	 	0.903
3.222	 	 	0.931
3.223	 	 	0.969
3.224	 	 	0.773
3.225	 	 	0.986
3.226	 	 	0.79
3.227	 	 	0.943
3.228	 	 	0.978
3.229	 	 	0.812
3.23	 	 	0.98
3.231	 	 	0.796
3.232	 	 	0.967
3.233	 	 	0.825
3.234	 	 	0.97
3.235	 	 	0.873
3.236	 	 	0.956
3.237	 	 	0.928
3.238	 	 	0.859
3.239	 	 	0.909
3.24	 	 	0.881
3.241	 	 	0.933
3.242	 	 	0.949
3.243	 	 	0.955
3.244	 	 	0.963
3.245	 	 	0.925
3.246	 	 	0.888
3.247	 	 	0.9
3.248	 	 	0.866
3.249	 	 	0.931
3.25	 	 	0.952
3.251	 	 	0.934
3.252	 	 	0.955
3.253	 	 	0.907
3.254	 	 	0.957
3.255	 	 	0.883
3.256	 	 	0.867
3.257	 	 	0.926
3.258	 	 	0.905
3.259	 	 	0.84
3.26	 	 	0.9
3.261	 	 	0.955
3.262	 	 	0.882
3.263	 	 	0.938
3.264	 	 	0.936
3.265	 	 	0.949
3.266	 	 	0.92
3.267	 	 	0.945
3.268	 	 	0.938
3.269	 	 	0.943
3.27	 	 	0.931
3.271	 	 	0.947
3.272	 	 	0.899
3.273	 	 	0.923
3.274	 	 	0.926
3.275	 	 	0.866
3.276	 	 	0.918
3.277	 	 	0.93
3.278	 	 	0.945
3.279	 	 	0.964
3.28	 	 	0.858
3.281	 	 	0.852
3.282	 	 	0.829
3.283	 	 	0.807
3.284	 	 	0.812
3.285	 	 	0.927
3.286	 	 	0.956
3.287	 	 	0.947
3.288	 	 	0.931
3.289	 	 	0.811
3.29	 	 	0.932
3.291	 	 	0.944
3.292	 	 	0.905
3.293	 	 	0.938
3.294	 	 	0.958
3.295	 	 	0.867
3.296	 	 	0.893
3.297	 	 	0.986
3.298	 	 	0.783
3.299	 	 	0.986
3.3	 	 	0.713
3.301	 	 	0.944
3.302	 	 	0.996
3.303	 	 	0.791
3.304	 	 	0.982
3.305	 	 	0.796
3.306	 	 	0.936
3.307	 	 	0.955
3.308	 	 	0.95
3.309	 	 	0.95
3.31	 	 	0.962
3.311	 	 	0.915
3.312	 	 	0.907
3.313	 	 	0.907
3.314	 	 	0.911
3.315	 	 	0.909
3.316	 	 	0.88
3.317	 	 	0.914
3.318	 	 	0.922
3.319	 	 	0.892
3.32	 	 	0.87
3.321	 	 	0.91
3.322	 	 	0.883
3.323	 	 	0.898
3.324	 	 	0.946
3.325	 	 	0.946
3.326	 	 	0.955
3.327	 	 	0.945
3.328	 	 	0.956
3.329	 	 	0.937
3.33	 	 	0.952
3.331	 	 	0.908
3.332	 	 	0.89
3.333	 	 	0.906
3.334	 	 	0.923
3.335	 	 	0.91
3.336	 	 	0.888
3.337	 	 	0.923
3.338	 	 	0.894
3.339	 	 	0.892
3.34	 	 	0.939
3.341	 	 	0.931
3.342	 	 	0.902
3.343	 	 	0.929
3.344	 	 	0.895
3.345	 	 	0.907
3.346	 	 	0.934
3.347	 	 	0.948
3.348	 	 	0.942
3.349	 	 	0.949
3.35	 	 	0.955
3.351	 	 	0.948
3.352	 	 	0.953
3.353	 	 	0.939
3.354	 	 	1.014
3.355	 	 	0.681
3.356	 	 	0.93
3.357	 	 	0.999
3.358	 	 	0.778
3.359	 	 	0.953
3.36	 	 	0.701
3.361	 	 	0.935
3.362	 	 	0.899
3.363	 	 	0.937
3.364	 	 	0.946
3.365	 	 	0.967
3.366	 	 	0.794
3.367	 	 	0.881
3.368	 	 	0.719
3.369	 	 	0.946
3.37	 	 	0.79
3.371	 	 	0.939
3.372	 	 	0.956
3.373	 	 	0.943
3.374	 	 	0.958
3.375	 	 	0.967
3.376	 	 	0.704
3.377	 	 	0.96
3.378	 	 	0.811
3.379	 	 	0.951
3.38	 	 	0.905
3.381	 	 	0.872
3.382	 	 	0.916
3.383	 	 	0.908
3.384	 	 	0.887
3.385	 	 	0.946
3.386	 	 	0.95
3.387	 	 	0.954
3.388	 	 	0.955
3.389	 	 	0.957
3.39	 	 	0.953
3.391	 	 	0.955
3.392	 	 	0.963
3.393	 	 	0.873
3.394	 	 	0.935
3.395	 	 	0.875
3.396	 	 	0.904
3.397	 	 	0.919
3.398	 	 	0.88
3.399	 	 	0.906
3.4	 	 	0.881
3.401	 	 	0.905
3.402	 	 	0.897
3.403	 	 	0.873
3.404	 	 	0.899
3.405	 	 	0.899
3.406	 	 	0.904
3.407	 	 	0.92
3.408	 	 	0.892
3.409	 	 	0.927
3.41	 	 	0.945
3.411	 	 	0.953
3.412	 	 	0.953
3.413	 	 	0.91
3.414	 	 	0.954
3.415	 	 	0.91
3.416	 	 	0.94
3.417	 	 	0.907
3.418	 	 	0.931
3.419	 	 	0.897
3.42	 	 	0.935
3.421	 	 	0.954
3.422	 	 	0.935
3.423	 	 	0.949
3.424	 	 	0.951
3.425	 	 	1.008
3.426	 	 	0.729
3.427	 	 	0.978
3.428	 	 	0.691
3.429	 	 	0.927
3.43	 	 	1.005
3.431	 	 	0.724
3.432	 	 	0.933
3.433	 	 	0.94
3.434	 	 	0.928
3.435	 	 	0.861
3.436	 	 	0.941
3.437	 	 	0.969
3.438	 	 	0.803
3.439	 	 	0.863
3.44	 	 	0.744
3.441	 	 	0.868
3.442	 	 	0.801
3.443	 	 	0.879
3.444	 	 	0.912
3.445	 	 	0.902
3.446	 	 	0.905
3.447	 	 	0.918
3.448	 	 	0.955
3.449	 	 	0.957
3.45	 	 	0.976
3.451	 	 	0.855
3.452	 	 	0.899
3.453	 	 	0.889
3.454	 	 	0.9
3.455	 	 	0.902
3.456	 	 	0.877
3.457	 	 	0.908
3.458	 	 	0.889
3.459	 	 	0.908
3.46	 	 	0.861
3.461	 	 	0.943
3.462	 	 	0.925
3.463	 	 	0.93
3.464	 	 	0.9
3.465	 	 	0.938
3.466	 	 	0.951
3.467	 	 	0.999
3.468	 	 	0.713
3.469	 	 	0.879
3.47	 	 	0.83
3.471	 	 	0.791
3.472	 	 	0.866
3.473	 	 	0.937
3.474	 	 	0.949
3.475	 	 	0.984
3.476	 	 	0.734
3.477	 	 	0.869
3.478	 	 	0.806
3.479	 	 	0.87
3.48	 	 	0.772
3.481	 	 	0.908
3.482	 	 	0.952
3.483	 	 	0.96
3.484	 	 	0.969
3.485	 	 	0.886
3.486	 	 	0.906
3.487	 	 	0.887
3.488	 	 	0.866
3.489	 	 	0.926
3.49	 	 	0.897
3.491	 	 	0.9
3.492	 	 	0.866
3.493	 	 	0.905
3.494	 	 	0.922
3.495	 	 	0.887
3.496	 	 	0.884
3.497	 	 	0.917
3.498	 	 	0.915
3.499	 	 	0.945
3.5	 	 	0.912
3.501	 	 	0.929
3.502	 	 	0.92
3.503	 	 	0.937
3.504	 	 	0.951
3.505	 	 	0.999
3.506	 	 	0.814
3.507	 	 	0.833
3.508	 	 	0.722
3.509	 	 	0.846
3.51	 	 	0.879
3.511	 	 	0.942
3.512	 	 	0.951
3.513	 	 	0.955
3.514	 	 	0.853
3.515	 	 	0.748
3.516	 	 	0.839
3.517	 	 	0.834
3.518	 	 	0.806
3.519	 	 	0.877
3.52	 	 	0.948
3.521	 	 	0.956
3.522	 	 	0.97
3.523	 	 	0.888
3.524	 	 	0.883
3.525	 	 	0.893
3.526	 	 	0.895
3.527	 	 	0.909
3.528	 	 	0.867
3.529	 	 	0.908
3.53	 	 	0.897
3.531	 	 	0.88
3.532	 	 	0.915
3.533	 	 	0.875
3.534	 	 	0.925
3.535	 	 	0.901
3.536	 	 	0.886
3.537	 	 	0.944
3.538	 	 	0.911
3.539	 	 	0.926
3.54	 	 	0.932
3.541	 	 	0.931
3.542	 	 	0.949
3.543	 	 	0.96
3.544	 	 	0.889
3.545	 	 	0.813
3.546	 	 	0.832
3.547	 	 	0.708
3.548	 	 	0.888
3.549	 	 	0.931
3.55	 	 	0.939
3.551	 	 	0.953
3.552	 	 	0.954
3.553	 	 	0.956
3.554	 	 	0.958
3.555	 	 	0.963
3.556	 	 	0.932
3.557	 	 	0.946
3.558	 	 	0.921
3.559	 	 	0.939
3.56	 	 	0.888
3.561	 	 	0.907
3.562	 	 	0.929
3.563	 	 	0.952
3.564	 	 	0.953
3.565	 	 	0.931
3.566	 	 	1.007
3.567	 	 	0.771
3.568	 	 	0.975
3.569	 	 	0.83
3.57	 	 	0.979
3.571	 	 	0.786
3.572	 	 	0.981
3.573	 	 	0.779
3.574	 	 	0.948
3.575	 	 	0.973
3.576	 	 	0.72
3.577	 	 	0.951
3.578	 	 	0.846
3.579	 	 	0.943
3.58	 	 	0.851
3.581	 	 	0.921
3.582	 	 	0.916
3.583	 	 	0.95
3.584	 	 	0.954
3.585	 	 	0.96
3.586	 	 	0.941
3.587	 	 	0.887
3.588	 	 	0.872
3.589	 	 	0.905
3.59	 	 	0.936
3.591	 	 	0.942
3.592	 	 	0.952
3.593	 	 	0.952
3.594	 	 	0.952
3.595	 	 	0.965
3.596	 	 	0.897
3.597	 	 	0.943
3.598	 	 	0.928
3.599	 	 	0.922
3.6	 	 	0.889
3.601	 	 	0.92
3.602	 	 	0.895
3.603	 	 	0.908
3.604	 	 	0.935
3.605	 	 	0.914
3.606	 	 	0.907
3.607	 	 	0.914
3.608	 	 	0.865
3.609	 	 	0.919
3.61	 	 	0.933
3.611	 	 	0.903
3.612	 	 	0.914
3.613	 	 	0.943
3.614	 	 	0.95
3.615	 	 	0.93
3.616	 	 	0.95
3.617	 	 	0.941
3.618	 	 	0.953
3.619	 	 	0.947
3.62	 	 	0.948
3.621	 	 	0.948
3.622	 	 	0.96
3.623	 	 	0.945
3.624	 	 	0.825
3.625	 	 	0.789
3.626	 	 	0.948
3.627	 	 	0.701
3.628	 	 	0.906
3.629	 	 	0.862
3.63	 	 	0.931
3.631	 	 	0.94
3.632	 	 	0.991
3.633	 	 	0.802
3.634	 	 	0.925
3.635	 	 	0.781
3.636	 	 	0.939
3.637	 	 	0.886
3.638	 	 	0.945
3.639	 	 	0.96
3.64	 	 	0.937
3.641	 	 	0.818
3.642	 	 	0.805
3.643	 	 	0.945
3.644	 	 	0.86
3.645	 	 	0.947
3.646	 	 	0.796
3.647	 	 	0.946
3.648	 	 	0.844
3.649	 	 	0.951
3.65	 	 	0.844
3.651	 	 	0.965
3.652	 	 	0.866
3.653	 	 	0.954
3.654	 	 	0.95
3.655	 	 	0.953
3.656	 	 	0.954
3.657	 	 	0.957
3.658	 	 	0.95
3.659	 	 	0.958
3.66	 	 	0.956
3.661	 	 	0.939
3.662	 	 	0.889
3.663	 	 	0.898
3.664	 	 	0.862
3.665	 	 	0.912
3.666	 	 	0.894
3.667	 	 	0.908
3.668	 	 	0.878
3.669	 	 	0.917
3.67	 	 	0.896
3.671	 	 	0.905
3.672	 	 	0.873
3.673	 	 	0.912
3.674	 	 	0.903
3.675	 	 	0.901
3.676	 	 	0.935
3.677	 	 	0.943
3.678	 	 	0.951
3.679	 	 	0.95
3.68	 	 	0.961
3.681	 	 	0.929
3.682	 	 	0.956
3.683	 	 	0.925
3.684	 	 	0.9
3.685	 	 	0.924
3.686	 	 	0.933
3.687	 	 	0.928
3.688	 	 	0.943
3.689	 	 	0.929
3.69	 	 	0.948
3.691	 	 	0.863
3.692	 	 	0.935
3.693	 	 	0.952
3.694	 	 	1.013
3.695	 	 	0.711
3.696	 	 	0.937
3.697	 	 	0.996
3.698	 	 	0.773
3.699	 	 	0.98
3.7	 	 	0.721
3.701	 	 	0.927
3.702	 	 	0.958
3.703	 	 	0.941
3.704	 	 	0.947
3.705	 	 	0.942
3.706	 	 	0.976
3.707	 	 	0.695
3.708	 	 	0.94
3.709	 	 	0.845
3.71	 	 	0.831
3.711	 	 	0.867
3.712	 	 	0.778
3.713	 	 	0.903
3.714	 	 	0.826
3.715	 	 	0.891
3.716	 	 	0.883
3.717	 	 	0.91
3.718	 	 	0.951
3.719	 	 	0.959
3.72	 	 	0.943
3.721	 	 	0.938
3.722	 	 	0.877
3.723	 	 	0.943
3.724	 	 	0.884
3.725	 	 	0.941
3.726	 	 	0.941
3.727	 	 	0.921
3.728	 	 	0.96
3.729	 	 	0.902
3.73	 	 	0.956
3.731	 	 	0.939
3.732	 	 	0.946
3.733	 	 	0.955
3.734	 	 	0.933
3.735	 	 	0.893
3.736	 	 	0.935
3.737	 	 	0.954
3.738	 	 	0.89
3.739	 	 	0.94
3.74	 	 	0.889
3.741	 	 	0.942
3.742	 	 	0.899
3.743	 	 	0.92
3.744	 	 	0.895
3.745	 	 	0.896
3.746	 	 	0.893
3.747	 	 	0.903
3.748	 	 	0.86
3.749	 	 	0.915
3.75	 	 	0.906
3.751	 	 	0.92
3.752	 	 	0.903
3.753	 	 	0.927
3.754	 	 	0.926
3.755	 	 	0.899
3.756	 	 	0.945
3.757	 	 	0.949
3.758	 	 	0.951
3.759	 	 	0.949
3.76	 	 	0.897
3.761	 	 	0.952
3.762	 	 	0.911
3.763	 	 	0.941
3.764	 	 	0.897
3.765	 	 	0.947
3.766	 	 	0.995
3.767	 	 	0.709
3.768	 	 	0.954
3.769	 	 	0.895
3.77	 	 	0.721
3.771	 	 	0.939
3.772	 	 	0.997
3.773	 	 	0.783
3.774	 	 	0.938
3.775	 	 	0.947
3.776	 	 	0.945
3.777	 	 	0.949
3.778	 	 	0.951
3.779	 	 	0.831
3.78	 	 	0.925
3.781	 	 	0.791
3.782	 	 	0.945
3.783	 	 	0.792
3.784	 	 	0.915
3.785	 	 	0.825
3.786	 	 	0.802
3.787	 	 	0.939
3.788	 	 	0.953
3.789	 	 	0.961
3.79	 	 	0.96
3.791	 	 	0.89
3.792	 	 	0.862
3.793	 	 	0.903
3.794	 	 	0.921
3.795	 	 	0.902
3.796	 	 	0.868
3.797	 	 	0.909
3.798	 	 	0.911
3.799	 	 	0.922
3.8	 	 	0.852
3.801	 	 	0.92
3.802	 	 	0.908
3.803	 	 	0.88
3.804	 	 	0.934
3.805	 	 	0.93
3.806	 	 	0.931
3.807	 	 	0.933
3.808	 	 	0.93
3.809	 	 	0.939
3.81	 	 	0.947
3.811	 	 	1.004
3.812	 	 	0.716
3.813	 	 	0.857
3.814	 	 	0.856
3.815	 	 	0.794
3.816	 	 	0.939
3.817	 	 	0.945
3.818	 	 	0.982
3.819	 	 	0.801
3.82	 	 	0.837
3.821	 	 	0.832
3.822	 	 	0.843
3.823	 	 	0.815
3.824	 	 	0.795
3.825	 	 	0.908
3.826	 	 	0.899
3.827	 	 	0.917
3.828	 	 	0.86
3.829	 	 	0.924
3.83	 	 	0.953
3.831	 	 	0.959
3.832	 	 	0.969
3.833	 	 	0.874
3.834	 	 	0.906
3.835	 	 	0.855
3.836	 	 	0.902
3.837	 	 	0.914
3.838	 	 	0.898
3.839	 	 	0.918
3.84	 	 	0.866
3.841	 	 	0.92
3.842	 	 	0.881
3.843	 	 	0.927
3.844	 	 	0.932
3.845	 	 	0.936
3.846	 	 	0.922
3.847	 	 	0.938
3.848	 	 	0.95
3.849	 	 	1.006
3.85	 	 	0.726
3.851	 	 	0.851
3.852	 	 	0.74
3.853	 	 	0.812
3.854	 	 	0.879
3.855	 	 	0.936
3.856	 	 	0.95
3.857	 	 	0.995
3.858	 	 	0.742
3.859	 	 	0.869
3.86	 	 	0.741
3.861	 	 	0.873
3.862	 	 	0.803
3.863	 	 	0.877
3.864	 	 	0.952
3.865	 	 	0.952
3.866	 	 	0.978
3.867	 	 	0.845
3.868	 	 	0.903
3.869	 	 	0.92
3.87	 	 	0.904
3.871	 	 	0.928
3.872	 	 	0.859
3.873	 	 	0.91
3.874	 	 	0.905
3.875	 	 	0.91
3.876	 	 	0.853
3.877	 	 	0.911
3.878	 	 	0.889
3.879	 	 	0.911
3.88	 	 	0.868
3.881	 	 	0.932
3.882	 	 	0.927
3.883	 	 	0.902
3.884	 	 	0.916
3.885	 	 	0.929
3.886	 	 	0.95
3.887	 	 	0.994
3.888	 	 	0.703
3.889	 	 	0.897
3.89	 	 	0.825
3.891	 	 	0.788
3.892	 	 	0.877
3.893	 	 	0.919
3.894	 	 	0.954
3.895	 	 	0.956
3.896	 	 	0.955
3.897	 	 	0.888
3.898	 	 	0.943
3.899	 	 	0.959
3.9	 	 	0.947
3.901	 	 	0.952
3.902	 	 	0.954
3.903	 	 	0.962
3.904	 	 	0.944
3.905	 	 	0.923
3.906	 	 	0.953
3.907	 	 	0.951
3.908	 	 	0.897
3.909	 	 	0.924
3.91	 	 	0.981
3.911	 	 	0.819
3.912	 	 	0.919
3.913	 	 	0.787
3.914	 	 	0.935
3.915	 	 	0.882
3.916	 	 	0.796
3.917	 	 	0.827
3.918	 	 	0.952
3.919	 	 	0.828
3.92	 	 	0.892
3.921	 	 	0.943
3.922	 	 	0.956
3.923	 	 	0.954
3.924	 	 	0.956
3.925	 	 	0.948
3.926	 	 	0.952
3.927	 	 	0.963
3.928	 	 	0.817
3.929	 	 	0.964
3.93	 	 	0.868
3.931	 	 	0.949
3.932	 	 	0.858
3.933	 	 	0.929
3.934	 	 	0.882
3.935	 	 	0.914
3.936	 	 	0.868
3.937	 	 	0.912
3.938	 	 	0.888
3.939	 	 	0.907
3.94	 	 	0.877
3.941	 	 	0.931
3.942	 	 	0.957
3.943	 	 	0.938
3.944	 	 	0.961
3.945	 	 	0.896
3.946	 	 	0.901
3.947	 	 	0.87
3.948	 	 	0.933
3.949	 	 	0.932
3.95	 	 	0.91
3.951	 	 	0.912
3.952	 	 	0.886
3.953	 	 	0.91
3.954	 	 	0.886
3.955	 	 	0.938
3.956	 	 	0.949
3.957	 	 	0.93
3.958	 	 	0.95
3.959	 	 	0.943
3.96	 	 	0.955
3.961	 	 	0.939
3.962	 	 	0.945
3.963	 	 	0.948
3.964	 	 	0.943
3.965	 	 	0.943
3.966	 	 	0.947
3.967	 	 	0.968
3.968	 	 	0.879
3.969	 	 	0.868
3.97	 	 	0.805
3.971	 	 	0.842
3.972	 	 	0.719
3.973	 	 	0.891
3.974	 	 	0.921
3.975	 	 	0.94
3.976	 	 	0.954
3.977	 	 	0.961
3.978	 	 	0.788
3.979	 	 	0.829
3.98	 	 	0.933
3.981	 	 	0.956
3.982	 	 	0.942
3.983	 	 	0.95
3.984	 	 	0.939
3.985	 	 	0.785
3.986	 	 	0.951
3.987	 	 	0.832
3.988	 	 	0.905
3.989	 	 	0.813
3.99	 	 	0.96
3.991	 	 	0.798
3.992	 	 	0.901
3.993	 	 	0.879
3.994	 	 	0.938
3.995	 	 	0.969
3.996	 	 	0.864
3.997	 	 	0.962
3.998	 	 	0.881
3.999	 	 	0.946
4	 	 	0.953
4.001	 	 	0.957
4.002	 	 	0.949
4.003	 	 	0.956
4.004	 	 	0.956
4.005	 	 	0.948
4.006	 	 	0.923
4.007	 	 	0.905
4.008	 	 	0.861
4.009	 	 	0.927
4.01	 	 	0.88
4.011	 	 	0.896
4.012	 	 	0.897
4.013	 	 	0.905
4.014	 	 	0.901
4.015	 	 	0.9
4.016	 	 	0.873
4.017	 	 	0.921
4.018	 	 	0.936
4.019	 	 	0.951
4.02	 	 	0.939
4.021	 	 	0.923
4.022	 	 	0.948
4.023	 	 	0.894
4.024	 	 	0.886
4.025	 	 	0.935
4.026	 	 	0.903
4.027	 	 	0.918
4.028	 	 	0.846
4.029	 	 	0.929
4.03	 	 	0.929
4.031	 	 	0.948
4.032	 	 	0.932
4.033	 	 	0.952
4.034	 	 	0.951
4.035	 	 	0.955
4.036	 	 	0.952
4.037	 	 	0.954
4.038	 	 	0.947
4.039	 	 	0.958
4.04	 	 	1.003
4.041	 	 	0.716
4.042	 	 	0.947
4.043	 	 	0.695
4.044	 	 	0.972
4.045	 	 	0.714
4.046	 	 	0.929
4.047	 	 	0.94
4.048	 	 	0.941
4.049	 	 	0.984
4.05	 	 	0.73
4.051	 	 	0.93
4.052	 	 	0.72
4.053	 	 	0.906
4.054	 	 	0.817
4.055	 	 	0.937
4.056	 	 	0.958
4.057	 	 	0.938
4.058	 	 	0.93
4.059	 	 	0.981
4.06	 	 	0.713
4.061	 	 	0.976
4.062	 	 	0.821
4.063	 	 	0.937
4.064	 	 	0.875
4.065	 	 	0.906
4.066	 	 	0.925
4.067	 	 	0.872
4.068	 	 	0.954
4.069	 	 	0.939
4.07	 	 	0.937
4.071	 	 	0.952
4.072	 	 	0.955
4.073	 	 	0.957
4.074	 	 	0.952
4.075	 	 	0.953
4.076	 	 	0.958
4.077	 	 	0.957
4.078	 	 	0.882
4.079	 	 	0.903
4.08	 	 	0.856
4.081	 	 	0.918
4.082	 	 	0.895
4.083	 	 	0.896
4.084	 	 	0.881
4.085	 	 	0.907
4.086	 	 	0.902
4.087	 	 	0.903
4.088	 	 	0.872
4.089	 	 	0.921
4.09	 	 	0.903
4.091	 	 	0.899
4.092	 	 	0.907
4.093	 	 	0.925
4.094	 	 	0.963
4.095	 	 	0.937
4.096	 	 	0.898
4.097	 	 	0.944
4.098	 	 	0.92
4.099	 	 	0.939
4.1	 	 	0.842
4.101	 	 	0.928
4.102	 	 	0.926
4.103	 	 	0.946
4.104	 	 	0.95
4.105	 	 	0.942
4.106	 	 	0.956
4.107	 	 	0.94
4.108	 	 	0.956
4.109	 	 	0.945
4.11	 	 	0.995
4.111	 	 	0.808
4.112	 	 	0.974
4.113	 	 	0.778
4.114	 	 	0.967
4.115	 	 	0.78
4.116	 	 	0.886
4.117	 	 	0.888
4.118	 	 	0.904
4.119	 	 	0.94
4.12	 	 	1.005
4.121	 	 	0.809
4.122	 	 	0.843
4.123	 	 	0.733
4.124	 	 	0.866
4.125	 	 	0.833
4.126	 	 	0.81
4.127	 	 	0.889
4.128	 	 	0.884
4.129	 	 	0.919
4.13	 	 	0.906
4.131	 	 	0.921
4.132	 	 	0.953
4.133	 	 	0.954
4.134	 	 	0.977
4.135	 	 	0.883
4.136	 	 	0.865
4.137	 	 	0.909
4.138	 	 	0.896
4.139	 	 	0.884
4.14	 	 	0.906
4.141	 	 	0.9
4.142	 	 	0.909
4.143	 	 	0.902
4.144	 	 	0.885
4.145	 	 	0.929
4.146	 	 	0.931
4.147	 	 	0.933
4.148	 	 	0.901
4.149	 	 	0.939
4.15	 	 	0.95
4.151	 	 	1.012
4.152	 	 	0.698
4.153	 	 	0.881
4.154	 	 	0.862
4.155	 	 	0.704
4.156	 	 	0.933
4.157	 	 	0.876
4.158	 	 	0.95
4.159	 	 	0.981
4.16	 	 	0.725
4.161	 	 	0.898
4.162	 	 	0.828
4.163	 	 	0.814
4.164	 	 	0.802
4.165	 	 	0.9
4.166	 	 	0.948
4.167	 	 	0.96
4.168	 	 	0.961
4.169	 	 	0.893
4.17	 	 	0.907
4.171	 	 	0.859
4.172	 	 	0.894
4.173	 	 	0.902
4.174	 	 	0.915
4.175	 	 	0.906
4.176	 	 	0.872
4.177	 	 	0.933
4.178	 	 	0.865
4.179	 	 	0.918
4.18	 	 	0.88
4.181	 	 	0.913
4.182	 	 	0.919
4.183	 	 	0.934
4.184	 	 	0.892
4.185	 	 	0.929
4.186	 	 	0.918
4.187	 	 	0.943
4.188	 	 	0.951
4.189	 	 	1.001
4.19	 	 	0.755
4.191	 	 	0.836
4.192	 	 	0.735
4.193	 	 	0.806
4.194	 	 	0.938
4.195	 	 	0.944
4.196	 	 	0.972
4.197	 	 	0.903
4.198	 	 	0.807
4.199	 	 	0.863
4.2	 	 	0.797
4.201	 	 	0.866
4.202	 	 	0.792
4.203	 	 	0.929
4.204	 	 	0.954
4.205	 	 	0.959
4.206	 	 	0.964
4.207	 	 	0.877
4.208	 	 	0.867
4.209	 	 	0.911
4.21	 	 	0.889
4.211	 	 	0.947
4.212	 	 	0.869
4.213	 	 	0.906
4.214	 	 	0.9
4.215	 	 	0.902
4.216	 	 	0.89
4.217	 	 	0.894
4.218	 	 	0.908
4.219	 	 	0.885
4.22	 	 	0.905
4.221	 	 	0.926
4.222	 	 	0.936
4.223	 	 	0.928
4.224	 	 	0.905
4.225	 	 	0.922
4.226	 	 	0.939
4.227	 	 	0.95
4.228	 	 	0.977
4.229	 	 	0.838
4.23	 	 	0.822
4.231	 	 	0.824
4.232	 	 	0.7
4.233	 	 	0.927
4.234	 	 	0.938
4.235	 	 	0.947
4.236	 	 	0.951
4.237	 	 	0.955
4.238	 	 	0.95
4.239	 	 	0.958
4.24	 	 	0.954
4.241	 	 	0.949
4.242	 	 	0.954
4.243	 	 	0.956
4.244	 	 	0.966
4.245	 	 	0.929
4.246	 	 	0.93
4.247	 	 	0.946
4.248	 	 	0.95
4.249	 	 	0.931
4.25	 	 	0.954
4.251	 	 	0.837
4.252	 	 	0.973
4.253	 	 	0.787
4.254	 	 	0.924
4.255	 	 	0.958
4.256	 	 	0.702
4.257	 	 	0.965
4.258	 	 	0.79
4.259	 	 	0.901
4.26	 	 	0.976
4.261	 	 	0.833
4.262	 	 	0.905
4.263	 	 	0.952
4.264	 	 	0.938
4.265	 	 	0.969
4.266	 	 	0.878
4.267	 	 	0.959
4.268	 	 	0.859
4.269	 	 	0.939
4.27	 	 	0.951
4.271	 	 	0.959
4.272	 	 	0.903
4.273	 	 	0.957
4.274	 	 	0.92
4.275	 	 	0.943
4.276	 	 	0.903
4.277	 	 	0.907
4.278	 	 	0.894
4.279	 	 	0.901
4.28	 	 	0.87
4.281	 	 	0.913
4.282	 	 	0.91
4.283	 	 	0.93
4.284	 	 	0.95
4.285	 	 	0.96
4.286	 	 	0.932
4.287	 	 	0.937
4.288	 	 	0.86
4.289	 	 	0.921
4.29	 	 	0.896
4.291	 	 	0.937
4.292	 	 	0.876
4.293	 	 	0.909
4.294	 	 	0.947
4.295	 	 	0.852
4.296	 	 	0.884
4.297	 	 	0.935
4.298	 	 	0.937
4.299	 	 	0.94
4.3	 	 	0.95
4.301	 	 	0.934
4.302	 	 	0.952
4.303	 	 	0.936
4.304	 	 	0.953
4.305	 	 	0.95
4.306	 	 	0.948
4.307	 	 	0.954
4.308	 	 	0.95
4.309	 	 	0.988
4.31	 	 	0.718
4.311	 	 	0.969
4.312	 	 	0.688
4.313	 	 	0.943
4.314	 	 	0.797
4.315	 	 	0.847
4.316	 	 	0.908
4.317	 	 	0.938
4.318	 	 	0.944
4.319	 	 	0.996
4.32	 	 	0.681
4.321	 	 	0.983
4.322	 	 	0.785
4.323	 	 	0.927
4.324	 	 	0.961
4.325	 	 	0.938
4.326	 	 	0.957
4.327	 	 	0.968
4.328	 	 	0.704
4.329	 	 	0.928
4.33	 	 	0.955
4.331	 	 	0.701
4.332	 	 	0.926
4.333	 	 	0.897
4.334	 	 	0.945
4.335	 	 	0.898
4.336	 	 	0.848
4.337	 	 	0.959
4.338	 	 	0.879
4.339	 	 	0.953
4.34	 	 	0.899
4.341	 	 	0.953
4.342	 	 	0.954
4.343	 	 	0.957
4.344	 	 	0.955
4.345	 	 	0.951
4.346	 	 	0.958
4.347	 	 	0.962
4.348	 	 	0.885
4.349	 	 	0.914
4.35	 	 	0.895
4.351	 	 	0.891
4.352	 	 	0.87
4.353	 	 	0.912
4.354	 	 	0.913
4.355	 	 	0.901
4.356	 	 	0.88
4.357	 	 	0.908
4.358	 	 	0.903
4.359	 	 	0.908
4.36	 	 	0.875
4.361	 	 	0.933
4.362	 	 	0.954
4.363	 	 	0.938
4.364	 	 	0.937
4.365	 	 	0.926
4.366	 	 	0.94
4.367	 	 	0.918
4.368	 	 	0.879
4.369	 	 	0.912
4.37	 	 	0.946
4.371	 	 	0.874
4.372	 	 	0.903
4.373	 	 	0.944
4.374	 	 	0.947
4.375	 	 	0.94
4.376	 	 	0.953
4.377	 	 	0.946
4.378	 	 	0.957
4.379	 	 	0.948
4.38	 	 	0.946
4.381	 	 	1.009
4.382	 	 	0.718
4.383	 	 	0.96
4.384	 	 	0.719
4.385	 	 	0.953
4.386	 	 	0.783
4.387	 	 	0.907
4.388	 	 	0.888
4.389	 	 	0.923
4.39	 	 	0.935
4.391	 	 	0.977
4.392	 	 	0.792
4.393	 	 	0.897
4.394	 	 	0.902
4.395	 	 	0.701
4.396	 	 	0.884
4.397	 	 	0.933
4.398	 	 	0.945
4.399	 	 	0.954
4.4	 	 	1
4.401	 	 	0.785
4.402	 	 	0.977
4.403	 	 	0.787
4.404	 	 	0.945
4.405	 	 	0.963
4.406	 	 	0.896
4.407	 	 	0.968
4.408	 	 	0.844
4.409	 	 	0.955
4.41	 	 	0.86
4.411	 	 	0.961
4.412	 	 	0.91
4.413	 	 	0.912
4.414	 	 	0.945
4.415	 	 	0.942
4.416	 	 	0.966
4.417	 	 	0.837
4.418	 	 	0.974
4.419	 	 	0.866
4.42	 	 	0.937
4.421	 	 	0.96
4.422	 	 	0.889
4.423	 	 	0.94
4.424	 	 	0.947
4.425	 	 	0.893
4.426	 	 	0.952
4.427	 	 	0.862
4.428	 	 	0.917
4.429	 	 	0.935
4.43	 	 	0.896
4.431	 	 	0.916
4.432	 	 	0.955
4.433	 	 	0.922
4.434	 	 	0.909
4.435	 	 	0.913
4.436	 	 	0.874
4.437	 	 	0.896
4.438	 	 	0.907
4.439	 	 	0.903
4.44	 	 	0.896
4.441	 	 	0.921
4.442	 	 	0.926
4.443	 	 	0.895
4.444	 	 	0.94
4.445	 	 	0.929
4.446	 	 	0.93
4.447	 	 	0.945
4.448	 	 	0.992
4.449	 	 	0.843
4.45	 	 	0.811
4.451	 	 	0.814
4.452	 	 	0.812
4.453	 	 	0.868
4.454	 	 	0.929
4.455	 	 	0.948
4.456	 	 	0.998
4.457	 	 	0.825
4.458	 	 	0.82
4.459	 	 	0.823
4.46	 	 	0.818
4.461	 	 	0.865
4.462	 	 	0.793
4.463	 	 	0.927
4.464	 	 	0.955
4.465	 	 	0.956
4.466	 	 	0.963
4.467	 	 	0.89
4.468	 	 	0.872
4.469	 	 	0.907
4.47	 	 	0.9
4.471	 	 	0.907
4.472	 	 	0.874
4.473	 	 	0.898
4.474	 	 	0.91
4.475	 	 	0.88
4.476	 	 	0.88
4.477	 	 	0.917
4.478	 	 	0.883
4.479	 	 	0.92
4.48	 	 	0.893
4.481	 	 	0.942
4.482	 	 	0.921
4.483	 	 	0.932
4.484	 	 	0.901
4.485	 	 	0.943
4.486	 	 	0.952
4.487	 	 	1.004
4.488	 	 	0.692
4.489	 	 	0.92
4.49	 	 	0.827
4.491	 	 	0.711
4.492	 	 	0.938
4.493	 	 	0.943
4.494	 	 	0.97
4.495	 	 	0.904
4.496	 	 	0.734
4.497	 	 	0.875
4.498	 	 	0.805
4.499	 	 	0.88
4.5	 	 	0.72
4.501	 	 	0.919
4.502	 	 	0.951
4.503	 	 	0.959
4.504	 	 	0.964
4.505	 	 	0.887
4.506	 	 	0.904
4.507	 	 	0.866
4.508	 	 	0.895
4.509	 	 	0.912
4.51	 	 	0.906
4.511	 	 	0.903
4.512	 	 	0.89
4.513	 	 	0.911
4.514	 	 	0.917
4.515	 	 	0.897
4.516	 	 	0.88
4.517	 	 	0.916
4.518	 	 	0.906
4.519	 	 	0.926
4.52	 	 	0.944
4.521	 	 	0.925
4.522	 	 	0.935
4.523	 	 	0.895
4.524	 	 	0.945
4.525	 	 	0.947
4.526	 	 	1.009
4.527	 	 	0.818
4.528	 	 	0.718
4.529	 	 	0.862
4.53	 	 	0.815
4.531	 	 	0.901
4.532	 	 	0.936
4.533	 	 	0.943
4.534	 	 	0.976
4.535	 	 	0.825
4.536	 	 	0.796
4.537	 	 	0.861
4.538	 	 	0.818
4.539	 	 	0.797
4.54	 	 	0.882
4.541	 	 	0.947
4.542	 	 	0.954
4.543	 	 	0.958
4.544	 	 	0.893
4.545	 	 	0.901
4.546	 	 	0.897
4.547	 	 	0.892
4.548	 	 	0.874
4.549	 	 	0.921
4.55	 	 	0.893
4.551	 	 	0.905
4.552	 	 	0.88
4.553	 	 	0.905
4.554	 	 	0.903
4.555	 	 	0.875
4.556	 	 	0.91
4.557	 	 	0.905
4.558	 	 	0.928
